77 0.87109375 0.61015625 0.0546875 0.03515625
77 0.8546875 0.634375 0.05078125 0.040625
132 0.5703125 0.621875 0.053125 0.04921875
128 0.6 0.56796875 0.08671875 0.0453125
65 0.6140625 0.53671875 0.0296875 0.03046875
65 0.571875 0.5453125 0.03828125 0.03828125
65 0.68046875 0.49375 0.04453125 0.03828125
65 0.696875 0.471875 0.02734375 0.034375
27 0.75546875 0.4671875 0.16484375 0.0734375
25 0.721875 0.39609375 0.14375 0.0859375
102 0.7984375 0.58046875 0.1453125 0.0953125
10 0.65625 0.390625 0.0421875 0.0265625