77 0.13515625 0.6046875 0.05390625 0.03515625
77 0.15234375 0.62890625 0.05 0.03984375
132 0.43203125 0.6171875 0.05234375 0.0484375
128 0.403125 0.5640625 0.08515625 0.0453125
65 0.38984375 0.5328125 0.02890625 0.0296875
65 0.43125 0.54140625 0.0375 0.0375
65 0.32421875 0.48984375 0.04375 0.0375
65 0.30703125 0.46796875 0.02734375 0.03359375
27 0.25 0.4640625 0.1625 0.07265625
25 0.28359375 0.39375 0.14140625 0.08515625
102 0.20703125 0.57578125 0.14375 0.09375
10 0.34765625 0.38828125 0.04140625 0.0265625