77 0.12265625 0.6109375 0.05546875 0.0359375
77 0.13984375 0.63515625 0.05078125 0.040625
132 0.425 0.62265625 0.053125 0.05
128 0.3953125 0.56875 0.08671875 0.04609375
65 0.38125 0.53671875 0.0296875 0.03046875
65 0.4234375 0.54609375 0.03828125 0.03828125
65 0.31484375 0.49375 0.04453125 0.03828125
65 0.29765625 0.47109375 0.02734375 0.034375
27 0.2390625 0.4671875 0.165625 0.0734375
25 0.2734375 0.3953125 0.14375 0.08671875
102 0.19609375 0.58046875 0.14609375 0.0953125
10 0.3390625 0.38984375 0.0421875 0.0265625