77 0.6890625 0.5 0.06015625 0.05
77 0.578125 0.50859375 0.0625 0.034375
148 0.490625 0.48828125 0.10546875 0.0671875
92 0.57109375 0.43203125 0.09453125 0.040625
144 0.7765625 0.4 0.18046875 0.08203125
28 0.88125 0.3875 0.05390625 0.04609375
69 0.85625 0.34921875 0.06875 0.0375
69 0.79296875 0.34765625 0.05390625 0.03203125
44 0.71640625 0.36953125 0.05546875 0.046875
20 0.61484375 0.38984375 0.11796875 0.07265625
129 0.86015625 0.63046875 0.0640625 0.034375
129 0.80234375 0.6328125 0.0640625 0.034375
129 0.834375 0.60625 0.0515625 0.02265625
28 0.77265625 0.6171875 0.06015625 0.05625