77 0.68046875 0.48828125 0.06171875 0.0515625
77 0.5671875 0.49765625 0.0640625 0.03515625
148 0.4765625 0.47578125 0.1078125 0.06953125
92 0.559375 0.41796875 0.096875 0.04140625
144 0.77109375 0.38515625 0.18515625 0.084375
28 0.878125 0.37265625 0.0546875 0.046875
69 0.85234375 0.33359375 0.0703125 0.03828125
69 0.7875 0.33203125 0.0546875 0.0328125
44 0.709375 0.35390625 0.05703125 0.0484375
20 0.6046875 0.375 0.12109375 0.075
129 0.85703125 0.62265625 0.06640625 0.03515625
129 0.79765625 0.62421875 0.06640625 0.03515625
129 0.83046875 0.596875 0.053125 0.0234375
28 0.76640625 0.60859375 0.06171875 0.0578125