77 0.30859375 0.4890625 0.05859375 0.0484375
77 0.415625 0.49765625 0.06015625 0.03359375
148 0.50078125 0.47734375 0.10234375 0.065625
92 0.42265625 0.42265625 0.09140625 0.03984375
144 0.22265625 0.39140625 0.175 0.0796875
28 0.121875 0.3796875 0.05234375 0.04453125
69 0.14609375 0.3421875 0.06640625 0.03671875
69 0.20703125 0.340625 0.05234375 0.03125
44 0.28125 0.3625 0.05390625 0.0453125
20 0.38046875 0.38203125 0.11484375 0.07109375
129 0.14140625 0.61640625 0.0625 0.03359375
129 0.19765625 0.61875 0.0625 0.03359375
129 0.16640625 0.59296875 0.05 0.02265625
28 0.22734375 0.60390625 0.05859375 0.0546875