116 0.6921875 0.49140625 0.10078125 0.05234375
77 0.87734375 0.48359375 0.06015625 0.04921875
77 0.825 0.49296875 0.0625 0.05234375
41 0.53515625 0.278125 0.1265625 0.1109375
65 0.80390625 0.265625 0.03671875 0.03671875
65 0.78203125 0.30703125 0.03671875 0.0375
65 0.75 0.265625 0.03671875 0.02578125
65 0.7578125 0.28671875 0.034375 0.03359375
65 0.71796875 0.3265625 0.0453125 0.03359375
65 0.66953125 0.3390625 0.05546875 0.034375
65 0.671875 0.3140625 0.04296875 0.02265625
65 0.69921875 0.30390625 0.0296875 0.02109375
65 0.6640625 0.29140625 0.03203125 0.02265625
65 0.66875 0.27109375 0.03203125 0.01953125
65 0.7046875 0.26015625 0.03203125 0.02265625
65 0.71328125 0.28125 0.03203125 0.021875
111 0.5859375 0.309375 0.1203125 0.06953125