116 0.69375 0.48125 0.1015625 0.05234375
77 0.88125 0.4734375 0.0609375 0.04921875
77 0.828125 0.48203125 0.0625 0.05234375
41 0.5359375 0.26484375 0.12734375 0.1125
65 0.80625 0.25234375 0.03671875 0.03671875
65 0.784375 0.29375 0.03671875 0.03828125
65 0.75234375 0.25234375 0.03671875 0.0265625
65 0.759375 0.2734375 0.034375 0.03359375
65 0.71953125 0.3140625 0.0453125 0.03359375
65 0.67109375 0.3265625 0.05625 0.034375
65 0.6734375 0.30078125 0.04296875 0.0234375
65 0.7015625 0.290625 0.03046875 0.02109375
65 0.665625 0.278125 0.0328125 0.0234375
65 0.66953125 0.25703125 0.0328125 0.0203125
65 0.70703125 0.24609375 0.0328125 0.0234375
65 0.715625 0.26796875 0.0328125 0.021875
111 0.58671875 0.29609375 0.12109375 0.0703125