116 0.32421875 0.49375 0.09765625 0.05078125
77 0.14375 0.4859375 0.05859375 0.04765625
77 0.19453125 0.49453125 0.06015625 0.05078125
41 0.47578125 0.28515625 0.12265625 0.10859375
65 0.215625 0.2734375 0.03515625 0.03515625
65 0.23671875 0.31328125 0.03515625 0.03671875
65 0.26796875 0.2734375 0.03515625 0.025
65 0.26015625 0.29375 0.03359375 0.03203125
65 0.29921875 0.33203125 0.04375 0.03203125
65 0.34609375 0.3453125 0.05390625 0.03359375
65 0.34375 0.3203125 0.04140625 0.02265625
65 0.31640625 0.31015625 0.02890625 0.0203125
65 0.35078125 0.29765625 0.03125 0.02265625
65 0.346875 0.278125 0.03125 0.01953125
65 0.31171875 0.2671875 0.03125 0.02265625
65 0.303125 0.28828125 0.03125 0.02109375
111 0.42734375 0.315625 0.11640625 0.06796875