77 0.73828125 0.43203125 0.0640625 0.0515625
28 0.76171875 0.40703125 0.05546875 0.046875
28 0.76953125 0.37421875 0.053125 0.0296875
69 0.7234375 0.3125 0.07265625 0.04765625
41 0.47265625 0.30234375 0.12734375 0.1078125
77 0.24609375 0.42421875 0.06171875 0.05
144 0.2078125 0.378125 0.146875 0.07734375
129 0.25 0.3859375 0.053125 0.0265625
129 0.39375 0.3859375 0.046875 0.021875
74 0.12265625 0.3046875 0.10859375 0.07265625
2 0.32578125 0.290625 0.1234375 0.05078125
69 0.26171875 0.26953125 0.07265625 0.05078125