77 0.7421875 0.4125 0.06484375 0.05234375
28 0.76640625 0.38828125 0.05625 0.04765625
28 0.7734375 0.35390625 0.05390625 0.03046875
69 0.72734375 0.29140625 0.0734375 0.0484375
41 0.471875 0.28125 0.1296875 0.109375
77 0.24140625 0.40546875 0.0625 0.05078125
144 0.20234375 0.35859375 0.14921875 0.07890625
129 0.2453125 0.36640625 0.05390625 0.02734375
129 0.39140625 0.365625 0.04765625 0.021875
74 0.115625 0.2828125 0.11015625 0.0734375
2 0.32265625 0.26875 0.12578125 0.0515625
69 0.2578125 0.24765625 0.0734375 0.0515625