77 0.26015625 0.4296875 0.0625 0.05078125
28 0.2375 0.40546875 0.05390625 0.0453125
28 0.23046875 0.3734375 0.05234375 0.0296875
69 0.275 0.31328125 0.07109375 0.046875
41 0.52109375 0.303125 0.125 0.10546875
77 0.74296875 0.42265625 0.06015625 0.0484375
144 0.78046875 0.37734375 0.14375 0.07578125
129 0.73828125 0.38515625 0.05234375 0.0265625
129 0.59765625 0.384375 0.04609375 0.02109375
74 0.86328125 0.3046875 0.10625 0.07109375
2 0.66484375 0.29140625 0.12109375 0.05
69 0.72734375 0.27109375 0.07109375 0.05