102 0.7421875 0.653125 0.165625 0.0890625
77 0.88671875 0.63515625 0.04921875 0.04296875
77 0.82890625 0.6359375 0.05390625 0.03984375
65 0.759375 0.553125 0.0453125 0.04375
65 0.721875 0.540625 0.03046875 0.0375
65 0.79453125 0.515625 0.03203125 0.04140625
65 0.7640625 0.528125 0.0234375 0.03515625
65 0.6984375 0.50546875 0.02578125 0.03984375
65 0.7296875 0.5140625 0.03203125 0.03125
65 0.76171875 0.49765625 0.03203125 0.03125
65 0.72421875 0.484375 0.03046875 0.03125
65 0.7703125 0.47578125 0.040625 0.0296875
65 0.73203125 0.4609375 0.028125 0.02734375
65 0.70078125 0.43515625 0.0390625 0.0359375
65 0.74453125 0.43984375 0.03203125 0.0296875
65 0.77265625 0.4234375 0.04921875 0.03515625
65 0.7765625 0.40078125 0.03203125 0.03125
65 0.7265625 0.4109375 0.03046875 0.02578125
65 0.7125 0.3921875 0.03203125 0.03203125
65 0.653125 0.37578125 0.04296875 0.0390625
65 0.68671875 0.3703125 0.03671875 0.03984375
65 0.69921875 0.35078125 0.03671875 0.0375
65 0.81171875 0.38671875 0.03671875 0.0375
27 0.75859375 0.34375 0.17265625 0.08046875
25 0.71875 0.3 0.15703125 0.08046875