102 0.265625 0.6515625 0.16015625 0.0859375
77 0.12578125 0.634375 0.04765625 0.04140625
77 0.18203125 0.6359375 0.05234375 0.0390625
65 0.24921875 0.5546875 0.04375 0.0421875
65 0.28515625 0.54296875 0.02890625 0.0359375
65 0.215625 0.51875 0.03125 0.03984375
65 0.24453125 0.53046875 0.02265625 0.03359375
65 0.30859375 0.509375 0.025 0.0390625
65 0.278125 0.5171875 0.03125 0.0296875
65 0.246875 0.5015625 0.03125 0.0296875
65 0.28359375 0.4890625 0.02890625 0.0296875
65 0.23828125 0.48046875 0.03984375 0.02890625
65 0.27578125 0.465625 0.02734375 0.0265625
65 0.30625 0.44140625 0.0375 0.03515625
65 0.26328125 0.4453125 0.03125 0.02890625
65 0.23671875 0.4296875 0.04765625 0.03359375
65 0.23203125 0.4078125 0.03125 0.0296875
65 0.28125 0.4171875 0.02890625 0.025
65 0.29453125 0.39921875 0.03125 0.03125
65 0.35234375 0.38359375 0.04140625 0.0375
65 0.31953125 0.378125 0.03515625 0.0390625
65 0.30703125 0.359375 0.03515625 0.0359375
65 0.19921875 0.39453125 0.03515625 0.0359375
27 0.25 0.35234375 0.16640625 0.07734375
25 0.28828125 0.31015625 0.15234375 0.07734375