102 0.2671875 0.65234375 0.1625 0.0875
77 0.12578125 0.63515625 0.0484375 0.04140625
77 0.1828125 0.6359375 0.053125 0.0390625
65 0.25 0.5546875 0.04453125 0.04296875
65 0.28671875 0.5421875 0.0296875 0.03671875
65 0.21640625 0.51796875 0.03203125 0.040625
65 0.24609375 0.5296875 0.0234375 0.034375
65 0.31015625 0.50859375 0.025 0.0390625
65 0.2796875 0.51640625 0.03203125 0.03046875
65 0.24765625 0.5 0.03203125 0.03046875
65 0.28515625 0.4875 0.0296875 0.03046875
65 0.2390625 0.47890625 0.03984375 0.02890625
65 0.27734375 0.4640625 0.02734375 0.0265625
65 0.3078125 0.4390625 0.03828125 0.03515625
65 0.26484375 0.44375 0.03203125 0.02890625
65 0.2375 0.42734375 0.0484375 0.034375
65 0.2328125 0.4046875 0.03203125 0.03046875
65 0.2828125 0.41484375 0.0296875 0.025
65 0.29609375 0.396875 0.03203125 0.03203125
65 0.3546875 0.38125 0.0421875 0.03828125
65 0.321875 0.375 0.0359375 0.0390625
65 0.309375 0.35625 0.0359375 0.03671875
65 0.19921875 0.39140625 0.0359375 0.03671875
27 0.25078125 0.34921875 0.16875 0.078125
25 0.28984375 0.30625 0.15390625 0.078125