128 0.4 0.5609375 0.1 0.02890625
132 0.43359375 0.60703125 0.04609375 0.04375
77 0.11171875 0.6328125 0.03984375 0.05
77 0.15078125 0.6234375 0.04765625 0.03515625
102 0.20625 0.6328125 0.16640625 0.0875
65 0.31875 0.5453125 0.0375 0.03984375
65 0.35390625 0.5421875 0.0375 0.04140625
65 0.390625 0.53671875 0.03515625 0.02890625
65 0.38203125 0.51640625 0.02734375 0.02734375
65 0.334375 0.5171875 0.02265625 0.02734375
65 0.290625 0.5296875 0.02734375 0.03515625
65 0.353125 0.5046875 0.02734375 0.03359375
65 0.31015625 0.5078125 0.02890625 0.03359375
65 0.32109375 0.4828125 0.025 0.0234375
65 0.28203125 0.4953125 0.03125 0.0375
65 0.24921875 0.48203125 0.03125 0.0359375
65 0.284375 0.4671875 0.03125 0.02734375
65 0.234375 0.4609375 0.04375 0.03125
65 0.275 0.4453125 0.02890625 0.0265625
65 0.23828125 0.4359375 0.02734375 0.0234375
65 0.303125 0.4328125 0.03984375 0.0375
65 0.31015625 0.4078125 0.0375 0.0296875
65 0.30546875 0.38515625 0.03125 0.02265625
65 0.19140625 0.4140625 0.0375 0.03515625
27 0.25 0.390625 0.1625 0.0890625
25 0.29609375 0.33671875 0.14609375 0.07890625