128 0.4078125 0.5546875 0.103125 0.0296875
132 0.4421875 0.60234375 0.046875 0.0453125
77 0.11015625 0.62890625 0.040625 0.0515625
77 0.1515625 0.61953125 0.04921875 0.0359375
102 0.2078125 0.62890625 0.171875 0.08984375
65 0.32421875 0.53828125 0.03828125 0.04140625
65 0.36015625 0.53515625 0.03828125 0.0421875
65 0.3984375 0.53046875 0.03671875 0.0296875
65 0.38984375 0.509375 0.028125 0.028125
65 0.33984375 0.51015625 0.0234375 0.028125
65 0.2953125 0.5234375 0.028125 0.0359375
65 0.359375 0.496875 0.028125 0.034375
65 0.315625 0.50078125 0.0296875 0.034375
65 0.3265625 0.475 0.02578125 0.02421875
65 0.28671875 0.4875 0.03203125 0.03828125
65 0.25234375 0.4734375 0.03203125 0.0375
65 0.28828125 0.45859375 0.03203125 0.028125
65 0.2375 0.4515625 0.0453125 0.03203125
65 0.27890625 0.43671875 0.0296875 0.02734375
65 0.24140625 0.42578125 0.028125 0.02421875
65 0.3078125 0.42265625 0.040625 0.03828125
65 0.315625 0.396875 0.03828125 0.03046875
65 0.31015625 0.37421875 0.03203125 0.0234375
65 0.19296875 0.40390625 0.03828125 0.0359375
27 0.253125 0.3796875 0.1671875 0.09140625
25 0.30078125 0.32421875 0.15 0.08125