128 0.40859375 0.57890625 0.1046875 0.0296875
132 0.44375 0.62734375 0.04765625 0.0453125
77 0.1078125 0.65390625 0.04140625 0.05234375
77 0.14921875 0.64453125 0.05 0.03671875
102 0.20625 0.65390625 0.17421875 0.09140625
65 0.32421875 0.5625 0.0390625 0.04140625
65 0.3609375 0.559375 0.0390625 0.04296875
65 0.39921875 0.55390625 0.03671875 0.0296875
65 0.38984375 0.5328125 0.028125 0.02890625
65 0.33984375 0.53359375 0.02421875 0.02890625
65 0.29453125 0.546875 0.028125 0.03671875
65 0.36015625 0.5203125 0.028125 0.03515625
65 0.31484375 0.52421875 0.03046875 0.03515625
65 0.32578125 0.49765625 0.02578125 0.025
65 0.2859375 0.51015625 0.0328125 0.0390625
65 0.25078125 0.496875 0.0328125 0.0375
65 0.28828125 0.48203125 0.0328125 0.02890625
65 0.2359375 0.47421875 0.0453125 0.0328125
65 0.278125 0.45859375 0.03046875 0.02734375
65 0.23984375 0.4484375 0.028125 0.025
65 0.3078125 0.4453125 0.04140625 0.0390625
65 0.31484375 0.41875 0.0390625 0.03125
65 0.31015625 0.3953125 0.0328125 0.0234375
65 0.19140625 0.42578125 0.0390625 0.03671875
27 0.25234375 0.4015625 0.16953125 0.09296875
25 0.3 0.3453125 0.15234375 0.08203125