154 0.70625 0.6046875 0.084375 0.07421875
77 0.56640625 0.57265625 0.06484375 0.03046875
77 0.47890625 0.57265625 0.07109375 0.04375
145 0.71640625 0.553125 0.03359375 0.03125
145 0.75625 0.53984375 0.03359375 0.02734375
145 0.73125 0.5234375 0.05078125 0.0265625
65 0.81328125 0.51171875 0.0421875 0.03359375
65 0.76484375 0.50625 0.0546875 0.034375
65 0.82265625 0.48203125 0.03984375 0.02578125
65 0.76796875 0.48046875 0.03984375 0.0203125
65 0.8109375 0.4671875 0.0375 0.028125
65 0.75078125 0.46796875 0.0484375 0.03125
65 0.78984375 0.44921875 0.0375 0.0296875
25 0.82265625 0.3796875 0.153125 0.0828125
39 0.74453125 0.38671875 0.12421875 0.0515625
65 0.6953125 0.378125 0.0375 0.0265625
65 0.73671875 0.36640625 0.03125 0.02265625
75 0.8234375 0.2921875 0.0796875 0.0609375