154 0.29921875 0.61484375 0.0859375 0.0765625
77 0.44296875 0.58125 0.0671875 0.03125
77 0.53203125 0.58203125 0.0734375 0.0453125
145 0.2890625 0.5625 0.034375 0.0328125
145 0.24765625 0.5484375 0.034375 0.028125
145 0.2734375 0.53125 0.0515625 0.02734375
65 0.18984375 0.51953125 0.04296875 0.034375
65 0.2390625 0.51328125 0.05625 0.0359375
65 0.1796875 0.4890625 0.040625 0.02578125
65 0.2359375 0.4875 0.040625 0.02109375
65 0.1921875 0.47421875 0.0390625 0.02890625
65 0.253125 0.47421875 0.04921875 0.0328125
65 0.21328125 0.45546875 0.0390625 0.03046875
25 0.1796875 0.38359375 0.15703125 0.084375
39 0.259375 0.390625 0.12734375 0.053125
65 0.31015625 0.38203125 0.0390625 0.02734375
65 0.26796875 0.3703125 0.03203125 0.02265625
75 0.17890625 0.29375 0.08203125 0.0625