93 0.34609375 0.23359375 0.1015625 0.0484375
95 0.7890625 0.25703125 0.09921875 0.05859375
77 0.853125 0.26328125 0.0515625 0.03359375
77 0.70234375 0.2484375 0.06015625 0.0328125
145 0.74140625 0.259375 0.03046875 0.02265625
145 0.7640625 0.28203125 0.040625 0.02578125
145 0.715625 0.27109375 0.04296875 0.02421875
145 0.72734375 0.29375 0.040625 0.01875
145 0.7453125 0.3125 0.0515625 0.02578125
145 0.4125 0.2828125 0.03203125 0.02578125
145 0.37421875 0.303125 0.05390625 0.028125
145 0.275 0.30625 0.04921875 0.03671875
145 0.246875 0.27734375 0.04921875 0.025
145 0.2765625 0.25703125 0.040625 0.02734375
145 0.2921875 0.26953125 0.03203125 0.02265625
145 0.371875 0.27265625 0.028125 0.021875
145 0.33203125 0.28828125 0.03046875 0.021875
59 0.33515625 0.25859375 0.5234375 0.21015625