93 0.659375 0.228125 0.09765625 0.046875
95 0.23125 0.2515625 0.09609375 0.05703125
77 0.16875 0.25703125 0.05 0.03203125
77 0.31484375 0.24296875 0.05859375 0.03125
145 0.27734375 0.253125 0.02890625 0.02265625
145 0.25546875 0.275 0.03984375 0.025
145 0.30234375 0.26484375 0.04140625 0.0234375
145 0.290625 0.28671875 0.03984375 0.01796875
145 0.27265625 0.3046875 0.05 0.025
145 0.59453125 0.27578125 0.03125 0.025
145 0.63203125 0.2953125 0.05234375 0.02734375
145 0.728125 0.2984375 0.04765625 0.03515625
145 0.75546875 0.2703125 0.04765625 0.02421875
145 0.72578125 0.2515625 0.03984375 0.0265625
145 0.71171875 0.26328125 0.03125 0.02265625
145 0.634375 0.265625 0.02734375 0.02109375
145 0.67265625 0.28125 0.02890625 0.02109375
59 0.66953125 0.253125 0.50625 0.20390625