93 0.34453125 0.22734375 0.09921875 0.04765625
95 0.7796875 0.25078125 0.09765625 0.0578125
77 0.84296875 0.25703125 0.05078125 0.0328125
77 0.69453125 0.2421875 0.059375 0.03203125
145 0.7328125 0.253125 0.0296875 0.02265625
145 0.75546875 0.275 0.040625 0.02578125
145 0.7078125 0.26484375 0.0421875 0.0234375
145 0.71953125 0.28671875 0.040625 0.01875
145 0.7375 0.3046875 0.05078125 0.02578125
145 0.41015625 0.2765625 0.03203125 0.02578125
145 0.371875 0.29609375 0.053125 0.028125
145 0.27421875 0.29921875 0.0484375 0.0359375
145 0.246875 0.2703125 0.0484375 0.025
145 0.2765625 0.25078125 0.040625 0.0265625
145 0.29140625 0.26328125 0.03203125 0.02265625
145 0.36953125 0.265625 0.02734375 0.021875
145 0.33046875 0.28125 0.0296875 0.021875
59 0.33359375 0.25234375 0.51484375 0.20703125