69 0.78515625 0.2296875 0.0796875 0.07421875
69 0.7359375 0.22734375 0.08203125 0.0796875
69 0.85546875 0.22109375 0.08203125 0.08671875
11 0.7015625 0.134375 0.084375 0.10078125
129 0.7140625 0.0984375 0.05546875 0.071875
129 0.69375 0.09765625 0.0578125 0.053125
129 0.7453125 0.09609375 0.0625 0.0578125
100 0.2046875 0.87734375 0.15625 0.11328125
25 0.15390625 0.71171875 0.14921875 0.1296875
77 0.21171875 0.6609375 0.053125 0.03828125
77 0.1734375 0.65625 0.053125 0.05078125
0 0.7453125 0.584375 0.06015625 0.06953125
0 0.75234375 0.553125 0.0578125 0.0671875
25 0.8234375 0.390625 0.1703125 0.134375