69 0.21953125 0.20234375 0.0828125 0.078125
69 0.27109375 0.2 0.08515625 0.0828125
69 0.14609375 0.19375 0.08515625 0.090625
11 0.30625 0.103125 0.08828125 0.10546875
129 0.29375 0.065625 0.0578125 0.075
129 0.315625 0.0640625 0.06015625 0.05546875
129 0.2609375 0.0625 0.065625 0.06015625
100 0.8265625 0.8796875 0.16328125 0.11796875
25 0.8796875 0.70625 0.15546875 0.1359375
77 0.81875 0.653125 0.05546875 0.03984375
77 0.859375 0.6484375 0.05546875 0.053125
0 0.2609375 0.57265625 0.0625 0.07265625
0 0.25390625 0.53984375 0.06015625 0.0703125
25 0.1796875 0.3703125 0.178125 0.140625