69 0.80078125 0.19453125 0.08359375 0.07890625
69 0.7484375 0.19140625 0.0859375 0.08359375
69 0.87578125 0.18515625 0.0859375 0.09140625
11 0.71328125 0.09375 0.0890625 0.10625
129 0.72578125 0.05546875 0.05859375 0.07578125
129 0.7046875 0.0546875 0.0609375 0.05546875
129 0.75859375 0.053125 0.065625 0.0609375
100 0.1875 0.878125 0.16484375 0.11953125
25 0.134375 0.703125 0.15703125 0.13671875
77 0.1953125 0.65 0.05546875 0.040625
77 0.1546875 0.64453125 0.05546875 0.053125
0 0.75859375 0.56875 0.06328125 0.0734375
0 0.76640625 0.53515625 0.0609375 0.07109375
25 0.84140625 0.3640625 0.18046875 0.1421875