120 0.61796875 0.15078125 0.13515625 0.1078125
53 0.14375 0.4359375 0.07109375 0.08359375
52 0.41640625 0.4390625 0.06640625 0.078125
69 0.26875 0.45078125 0.05859375 0.0609375
52 0.38359375 0.459375 0.08359375 0.0734375
69 0.2609375 0.47265625 0.04921875 0.05859375
69 0.2171875 0.4828125 0.0515625 0.05625
52 0.39453125 0.49296875 0.06640625 0.078125
25 0.2515625 0.50703125 0.1640625 0.12265625
65 0.19609375 0.65078125 0.046875 0.05859375
65 0.24375 0.659375 0.0515625 0.0640625
65 0.2390625 0.6890625 0.0515625 0.05625