120 0.38046875 0.1359375 0.13984375 0.11171875
53 0.871875 0.43125 0.0734375 0.0859375
52 0.5890625 0.434375 0.06875 0.08125
69 0.7421875 0.446875 0.0609375 0.06328125
52 0.6234375 0.45546875 0.0859375 0.07578125
69 0.75 0.46953125 0.05078125 0.0609375
69 0.7953125 0.4796875 0.053125 0.05859375
52 0.61171875 0.48984375 0.06875 0.08125
25 0.76015625 0.5046875 0.1703125 0.1265625
65 0.8171875 0.65390625 0.0484375 0.0609375
65 0.76796875 0.6625 0.053125 0.065625
65 0.77265625 0.69296875 0.053125 0.05859375