120 0.6109375 0.14765625 0.13203125 0.10546875
53 0.1453125 0.428125 0.06953125 0.08203125
52 0.41328125 0.43046875 0.06484375 0.0765625
69 0.26796875 0.4421875 0.0578125 0.06015625
52 0.38125 0.45078125 0.08203125 0.071875
69 0.2609375 0.4640625 0.0484375 0.0578125
69 0.2171875 0.4734375 0.05078125 0.05546875
52 0.3921875 0.4828125 0.06484375 0.0765625
25 0.2515625 0.49765625 0.1609375 0.1203125
65 0.196875 0.63828125 0.0453125 0.0578125
65 0.24375 0.646875 0.05078125 0.0625
65 0.2390625 0.67578125 0.05078125 0.05546875