52 0.87734375 0.26953125 0.06484375 0.09375
52 0.91953125 0.25390625 0.06953125 0.0671875
52 0.8953125 0.209375 0.071875 0.05546875
100 0.88828125 0.04453125 0.1703125 0.0890625
28 0.2703125 0.61171875 0.071875 0.0625
28 0.18515625 0.5828125 0.06953125 0.06484375
28 0.240625 0.5765625 0.06484375 0.06015625
52 0.28828125 0.5171875 0.0671875 0.0765625
52 0.3328125 0.50859375 0.06484375 0.06015625
52 0.334375 0.49375 0.0578125 0.03125
77 0.9515625 0.83203125 0.0625 0.06484375
77 0.93984375 0.803125 0.06484375 0.0625