52 0.8875 0.26796875 0.065625 0.0953125
52 0.93046875 0.25234375 0.07109375 0.06796875
52 0.90625 0.20703125 0.0734375 0.05625
100 0.8984375 0.04296875 0.1734375 0.08515625
28 0.271875 0.615625 0.0734375 0.06328125
28 0.18515625 0.58671875 0.07109375 0.065625
28 0.24140625 0.58046875 0.065625 0.0609375
52 0.290625 0.51953125 0.06796875 0.078125
52 0.33515625 0.5109375 0.065625 0.0609375
52 0.33671875 0.49609375 0.05859375 0.03203125
77 0.96328125 0.8390625 0.06328125 0.065625
77 0.9515625 0.809375 0.065625 0.06328125