28 0.1359375 0.57734375 0.0578125 0.05078125
28 0.215625 0.6234375 0.075 0.04609375
28 0.75859375 0.50625 0.06640625 0.04765625
69 0.80390625 0.46875 0.06640625 0.05390625
69 0.778125 0.45 0.0578125 0.04765625
28 0.72890625 0.4515625 0.03671875 0.03203125
137 0.5625 0.56484375 0.08984375 0.06328125
77 0.44296875 0.5984375 0.06640625 0.03046875
77 0.50078125 0.5984375 0.0625 0.028125
116 0.31953125 0.58828125 0.07734375 0.04140625
69 0.16875 0.35859375 0.06640625 0.04765625
69 0.2078125 0.371875 0.0640625 0.04453125
69 0.24609375 0.3625 0.07109375 0.053125
53 0.25625 0.30703125 0.0625 0.059375