28 0.87421875 0.57578125 0.0578125 0.0515625
28 0.79453125 0.62265625 0.07578125 0.04609375
28 0.24921875 0.50390625 0.0671875 0.0484375
69 0.20390625 0.46640625 0.0671875 0.0546875
69 0.2296875 0.44765625 0.0578125 0.0484375
28 0.27890625 0.44921875 0.03671875 0.0328125
137 0.44609375 0.56328125 0.090625 0.0640625
77 0.565625 0.596875 0.0671875 0.03046875
77 0.5078125 0.596875 0.0625 0.028125
116 0.68984375 0.58671875 0.07734375 0.0421875
69 0.84140625 0.35546875 0.0671875 0.0484375
69 0.8015625 0.36875 0.06484375 0.0453125
69 0.7640625 0.359375 0.07109375 0.053125
53 0.753125 0.30390625 0.0625 0.059375