28 0.15078125 0.571875 0.05625 0.05
28 0.228125 0.6171875 0.07265625 0.04453125
28 0.75546875 0.50234375 0.06484375 0.046875
69 0.79921875 0.46640625 0.06484375 0.05234375
69 0.77421875 0.44765625 0.05625 0.046875
28 0.72578125 0.44921875 0.03515625 0.03125
137 0.56484375 0.56015625 0.0875 0.06171875
77 0.44921875 0.5921875 0.06484375 0.0296875
77 0.50546875 0.5921875 0.06015625 0.02734375
116 0.32890625 0.5828125 0.075 0.040625
69 0.18203125 0.35859375 0.06484375 0.046875
69 0.22109375 0.37109375 0.0625 0.04375
69 0.25703125 0.3625 0.06875 0.0515625
53 0.26796875 0.30859375 0.06015625 0.0578125