16 0.53515625 0.19140625 0.08828125 0.0515625
103 0.20390625 0.33828125 0.059375 0.05625
103 0.25546875 0.35390625 0.05703125 0.03515625
147 0.1828125 0.3796875 0.06640625 0.03515625
147 0.24453125 0.378125 0.075 0.03203125
145 0.1046875 0.4703125 0.04609375 0.03125
145 0.10703125 0.44453125 0.0328125 0.02109375
145 0.1484375 0.465625 0.0375 0.03203125
145 0.18515625 0.4953125 0.05703125 0.03125
145 0.18515625 0.46875 0.04375 0.02421875
145 0.18046875 0.43984375 0.04375 0.02109375
145 0.228125 0.428125 0.05078125 0.02109375
145 0.33515625 0.4875 0.053125 0.0328125
145 0.3421875 0.45703125 0.0421875 0.02578125
145 0.30078125 0.4484375 0.0421875 0.02578125
77 0.275 0.496875 0.06171875 0.04453125
145 0.28515625 0.4640625 0.0421875 0.01796875
77 0.7625 0.453125 0.053125 0.04296875
137 0.81640625 0.43203125 0.07734375 0.05859375