16 0.51640625 0.18671875 0.08359375 0.0484375
103 0.203125 0.32578125 0.05625 0.05390625
103 0.25234375 0.340625 0.05390625 0.03359375
147 0.18359375 0.365625 0.0625 0.03359375
147 0.24140625 0.3640625 0.07109375 0.03046875
145 0.109375 0.4515625 0.04375 0.0296875
145 0.11171875 0.4265625 0.03125 0.0203125
145 0.15078125 0.446875 0.03515625 0.03046875
145 0.18515625 0.475 0.05390625 0.0296875
145 0.18515625 0.44921875 0.04140625 0.0234375
145 0.18125 0.42265625 0.04140625 0.0203125
145 0.22578125 0.41171875 0.04765625 0.0203125
145 0.32734375 0.46796875 0.05 0.03125
145 0.334375 0.4390625 0.03984375 0.02421875
145 0.29453125 0.43046875 0.03984375 0.02421875
77 0.27109375 0.4765625 0.05859375 0.0421875
145 0.28046875 0.4453125 0.03984375 0.0171875
77 0.73125 0.434375 0.05 0.040625
137 0.78203125 0.41484375 0.07265625 0.05546875