16 0.5 0.20859375 0.10390625 0.07421875
147 0.17109375 0.34296875 0.075 0.03359375
147 0.246875 0.31640625 0.07265625 0.03515625
77 0.27109375 0.4375 0.05390625 0.03359375
145 0.215625 0.3921875 0.05625 0.03203125
145 0.246875 0.40234375 0.05234375 0.03046875
145 0.24453125 0.37109375 0.03984375 0.025
145 0.259375 0.3515625 0.03515625 0.02421875
145 0.28359375 0.3828125 0.03359375 0.02734375
145 0.34453125 0.39140625 0.05625 0.02734375
145 0.384375 0.38984375 0.06015625 0.02109375
145 0.41015625 0.37265625 0.04140625 0.02109375
145 0.30703125 0.359375 0.03984375 0.02109375
145 0.2875 0.32890625 0.04609375 0.025
145 0.32578125 0.3234375 0.03515625 0.025
65 0.54765625 0.29453125 0.04609375 0.03828125
65 0.48203125 0.36484375 0.03984375 0.034375
65 0.42890625 0.35 0.0375 0.03359375
65 0.41484375 0.32890625 0.03359375 0.028125
65 0.39765625 0.3125 0.03359375 0.03125
65 0.409375 0.29453125 0.02734375 0.03125
65 0.459375 0.29140625 0.03125 0.03671875
65 0.44609375 0.31328125 0.03359375 0.028125
65 0.49921875 0.3171875 0.03984375 0.03203125
77 0.734375 0.39609375 0.05625 0.03046875
137 0.790625 0.415625 0.07734375 0.0625
149 0.49765625 0.496875 0.1125 0.06796875