16 0.5046875 0.196875 0.1078125 0.0765625
147 0.84453125 0.3359375 0.07734375 0.034375
147 0.76640625 0.309375 0.07578125 0.03671875
77 0.74140625 0.43359375 0.05625 0.034375
145 0.7984375 0.38671875 0.0578125 0.03359375
145 0.76640625 0.39765625 0.05390625 0.03125
145 0.76796875 0.365625 0.040625 0.02578125
145 0.753125 0.3453125 0.03671875 0.025
145 0.728125 0.37734375 0.034375 0.028125
145 0.66484375 0.38671875 0.0578125 0.028125
145 0.62421875 0.384375 0.0625 0.021875
145 0.596875 0.36640625 0.04296875 0.021875
145 0.70390625 0.353125 0.040625 0.021875
145 0.72421875 0.321875 0.04765625 0.02578125
145 0.684375 0.31640625 0.03671875 0.02578125
65 0.4546875 0.28671875 0.04765625 0.03984375
65 0.52265625 0.35859375 0.040625 0.0359375
65 0.57734375 0.34375 0.0390625 0.034375
65 0.59296875 0.321875 0.034375 0.02890625
65 0.61015625 0.3046875 0.034375 0.0328125
65 0.5984375 0.2859375 0.028125 0.0328125
65 0.54609375 0.28359375 0.03203125 0.0375
65 0.56015625 0.30546875 0.034375 0.02890625
65 0.50546875 0.309375 0.040625 0.03359375
77 0.26171875 0.39140625 0.0578125 0.03125
137 0.20390625 0.4109375 0.0796875 0.06484375
149 0.50625 0.4953125 0.11640625 0.0703125