16 0.478125 0.19296875 0.11015625 0.078125
147 0.1296875 0.33515625 0.07890625 0.03515625
147 0.21015625 0.30703125 0.07734375 0.0375
77 0.2359375 0.434375 0.05703125 0.03515625
145 0.17734375 0.38671875 0.059375 0.034375
145 0.21015625 0.39765625 0.0546875 0.03203125
145 0.2078125 0.36484375 0.0421875 0.0265625
145 0.2234375 0.34375 0.0375 0.02578125
145 0.24921875 0.3765625 0.03515625 0.02890625
145 0.3140625 0.3859375 0.059375 0.02890625
145 0.35546875 0.384375 0.0640625 0.02265625
145 0.38359375 0.365625 0.04375 0.02265625
145 0.27421875 0.35234375 0.0421875 0.02265625
145 0.253125 0.3203125 0.0484375 0.0265625
145 0.29375 0.31484375 0.0375 0.0265625
65 0.52890625 0.284375 0.0484375 0.040625
65 0.459375 0.3578125 0.0421875 0.0359375
65 0.403125 0.3421875 0.03984375 0.03515625
65 0.3875 0.3203125 0.03515625 0.0296875
65 0.3703125 0.303125 0.03515625 0.0328125
65 0.38203125 0.28359375 0.02890625 0.0328125
65 0.43515625 0.28125 0.0328125 0.03828125
65 0.42109375 0.303125 0.03515625 0.0296875
65 0.4765625 0.3078125 0.0421875 0.034375
77 0.72578125 0.39140625 0.059375 0.03203125
137 0.78515625 0.4109375 0.08125 0.06640625
149 0.47578125 0.49765625 0.11875 0.071875