25 0.77109375 0.53359375 0.14375 0.0921875
51 0.22890625 0.465625 0.08828125 0.04375
52 0.4140625 0.48828125 0.06640625 0.0515625
65 0.2265625 0.359375 0.0390625 0.0390625
65 0.28203125 0.32265625 0.04453125 0.0375
65 0.19453125 0.3421875 0.04140625 0.0390625
65 0.26953125 0.36796875 0.04140625 0.0375
65 0.29140625 0.39453125 0.05234375 0.0421875
65 0.26796875 0.3453125 0.0390625 0.0390625
65 0.30625 0.3609375 0.04453125 0.0421875
65 0.1765625 0.36328125 0.04453125 0.040625
65 0.20703125 0.3796875 0.0390625 0.0375
65 0.28046875 0.42109375 0.046875 0.0421875
65 0.19609375 0.39765625 0.04453125 0.0359375
65 0.24453125 0.38828125 0.04140625 0.0390625
65 0.2359375 0.41171875 0.04140625 0.0359375
65 0.23359375 0.43359375 0.046875 0.0390625
65 0.1890625 0.42109375 0.046875 0.0421875
79 0.8421875 0.396875 0.13828125 0.0625