25 0.23671875 0.5359375 0.14140625 0.090625
51 0.76875 0.46953125 0.08671875 0.04296875
52 0.58671875 0.49140625 0.06484375 0.05078125
65 0.771875 0.3640625 0.03828125 0.03828125
65 0.7171875 0.328125 0.04375 0.03671875
65 0.803125 0.34765625 0.040625 0.03828125
65 0.7296875 0.37265625 0.040625 0.03671875
65 0.7078125 0.39921875 0.0515625 0.04140625
65 0.73125 0.35078125 0.03828125 0.03828125
65 0.69296875 0.365625 0.04375 0.04140625
65 0.8203125 0.36796875 0.04375 0.03984375
65 0.790625 0.38515625 0.03828125 0.03671875
65 0.71875 0.42578125 0.04609375 0.04140625
65 0.8015625 0.40234375 0.04375 0.03515625
65 0.75390625 0.39375 0.040625 0.03828125
65 0.7625 0.41640625 0.040625 0.03515625
65 0.76484375 0.4375 0.04609375 0.03828125
65 0.80859375 0.42578125 0.04609375 0.04140625
79 0.165625 0.4015625 0.1359375 0.06171875