103 0.275 0.7125 0.06875 0.05390625
103 0.17265625 0.69609375 0.0625 0.04921875
79 0.52578125 0.43359375 0.11171875 0.065625
25 0.70390625 0.5890625 0.1578125 0.0921875
65 0.696875 0.26015625 0.040625 0.03828125
65 0.8015625 0.29609375 0.04375 0.04296875
65 0.7609375 0.31015625 0.04921875 0.03671875
65 0.696875 0.22421875 0.040625 0.03671875
65 0.65234375 0.2640625 0.04375 0.04296875
65 0.740625 0.26796875 0.04609375 0.04140625
65 0.71875 0.2421875 0.04609375 0.03671875
65 0.71484375 0.3203125 0.04921875 0.03984375
65 0.67421875 0.20625 0.04375 0.03828125
65 0.66328125 0.2375 0.03828125 0.03671875
65 0.73671875 0.290625 0.04375 0.03515625
65 0.69453125 0.30234375 0.04609375 0.03671875
65 0.83046875 0.2203125 0.04609375 0.04140625
65 0.70078125 0.27890625 0.03828125 0.03671875
52 0.40625 0.43203125 0.05703125 0.05390625
52 0.4390625 0.425 0.0625 0.04609375
52 0.46796875 0.40625 0.06015625 0.05625
103 0.29765625 0.69375 0.05546875 0.05234375
105 0.240625 0.6734375 0.12265625 0.0859375