103 0.2625 0.709375 0.07109375 0.05546875
103 0.1578125 0.6921875 0.0640625 0.05078125
79 0.52109375 0.421875 0.11484375 0.06796875
25 0.70390625 0.58203125 0.16171875 0.09453125
65 0.696875 0.24375 0.0421875 0.0390625
65 0.8046875 0.28046875 0.04453125 0.04453125
65 0.7625 0.2953125 0.05 0.0375
65 0.696875 0.20625 0.0421875 0.0375
65 0.65078125 0.24765625 0.04453125 0.04453125
65 0.74140625 0.2515625 0.04765625 0.04296875
65 0.71953125 0.22578125 0.04765625 0.0375
65 0.71484375 0.30625 0.05 0.040625
65 0.6734375 0.18828125 0.04453125 0.0390625
65 0.66171875 0.22109375 0.0390625 0.0375
65 0.7375 0.275 0.04453125 0.0359375
65 0.69375 0.28671875 0.04765625 0.0375
65 0.83359375 0.20234375 0.04765625 0.04296875
65 0.70078125 0.26328125 0.0390625 0.0375
52 0.39765625 0.4203125 0.05859375 0.05546875
52 0.43125 0.41328125 0.0640625 0.04765625
52 0.46171875 0.39375 0.06171875 0.0578125
103 0.2859375 0.68984375 0.05703125 0.05390625
105 0.228125 0.66953125 0.12578125 0.08828125