103 0.275 0.721875 0.06953125 0.0546875
103 0.171875 0.7046875 0.06328125 0.05
79 0.52890625 0.43828125 0.1125 0.06640625
25 0.70859375 0.59609375 0.159375 0.09296875
65 0.7015625 0.26328125 0.04140625 0.0390625
65 0.8078125 0.3 0.04375 0.04375
65 0.76640625 0.31328125 0.04921875 0.0375
65 0.7015625 0.2265625 0.04140625 0.0375
65 0.65625 0.2671875 0.04375 0.04375
65 0.74609375 0.27109375 0.046875 0.0421875
65 0.72421875 0.2453125 0.046875 0.0375
65 0.71953125 0.32421875 0.04921875 0.040625
65 0.67890625 0.20859375 0.04375 0.0390625
65 0.66796875 0.240625 0.03828125 0.0375
65 0.74140625 0.29453125 0.04375 0.0359375
65 0.69921875 0.30625 0.046875 0.0375
65 0.83671875 0.22265625 0.046875 0.0421875
65 0.70625 0.2828125 0.03828125 0.0375
52 0.4078125 0.4375 0.0578125 0.0546875
52 0.440625 0.43046875 0.06328125 0.046875
52 0.4703125 0.4109375 0.0609375 0.05703125
103 0.29765625 0.70234375 0.05625 0.053125
105 0.240625 0.68203125 0.12421875 0.08671875