79 0.5609375 0.41484375 0.1171875 0.078125
103 0.271875 0.4828125 0.07578125 0.04609375
103 0.22578125 0.51015625 0.06484375 0.04453125
25 0.6453125 0.64375 0.1328125 0.096875
0 0.24453125 0.36015625 0.0546875 0.05234375
0 0.29765625 0.36015625 0.0515625 0.05234375
65 0.73515625 0.38515625 0.040625 0.03984375
65 0.7375 0.44296875 0.04609375 0.03984375
65 0.73125 0.4078125 0.04375 0.03671875
65 0.76484375 0.425 0.040625 0.03671875
65 0.77734375 0.39765625 0.04375 0.04140625
152 0.68984375 0.61484375 0.06015625 0.03671875
103 0.2 0.4671875 0.07890625 0.05859375
88 0.2390625 0.653125 0.1046875 0.065625
136 0.375 0.6484375 0.128125 0.0828125