79 0.5625 0.41328125 0.11875 0.0796875
103 0.26796875 0.4828125 0.07734375 0.046875
103 0.22109375 0.51015625 0.06640625 0.0453125
25 0.64765625 0.6453125 0.13515625 0.0984375
0 0.240625 0.35859375 0.05546875 0.053125
0 0.29453125 0.35859375 0.05234375 0.053125
65 0.7390625 0.3828125 0.04140625 0.040625
65 0.74140625 0.4421875 0.046875 0.040625
65 0.73515625 0.40625 0.04453125 0.0375
65 0.76953125 0.4234375 0.04140625 0.0375
65 0.78203125 0.39609375 0.04453125 0.0421875
152 0.69375 0.6171875 0.0609375 0.0375
103 0.19453125 0.4671875 0.08046875 0.059375
88 0.234375 0.65546875 0.10625 0.0671875
136 0.37265625 0.65078125 0.13046875 0.084375