79 0.5703125 0.39765625 0.1234375 0.0828125
103 0.2640625 0.46953125 0.08046875 0.0484375
103 0.215625 0.49765625 0.06875 0.046875
25 0.659375 0.63828125 0.140625 0.1015625
0 0.2359375 0.33984375 0.0578125 0.0546875
0 0.29140625 0.33984375 0.0546875 0.0546875
65 0.7546875 0.365625 0.04296875 0.0421875
65 0.75703125 0.42734375 0.04921875 0.0421875
65 0.75 0.38984375 0.04609375 0.0390625
65 0.7859375 0.4078125 0.04296875 0.0390625
65 0.79921875 0.3796875 0.04609375 0.04375
152 0.70703125 0.60859375 0.06328125 0.0390625
103 0.18828125 0.45234375 0.08359375 0.06171875
88 0.2296875 0.6484375 0.1109375 0.06953125
136 0.3734375 0.64296875 0.1359375 0.0875