149 0.59453125 0.515625 0.11484375 0.0671875
77 0.67421875 0.51796875 0.05625 0.0515625
116 0.72578125 0.51484375 0.07265625 0.04375
77 0.73203125 0.4953125 0.03515625 0.0203125
111 0.21484375 0.284375 0.08359375 0.06796875
51 0.14765625 0.2671875 0.07109375 0.04765625
65 0.1125 0.29296875 0.06640625 0.0375
65 0.10625 0.23046875 0.04140625 0.0296875
65 0.146875 0.209375 0.04375 0.0421875
65 0.1875 0.22890625 0.0375 0.02421875
65 0.240625 0.240625 0.03125 0.0234375
65 0.28671875 0.2359375 0.03984375 0.03125
65 0.32734375 0.22578125 0.05 0.034375
65 0.33125 0.26875 0.05390625 0.0375
65 0.28203125 0.2328125 0.03125 0.02265625
65 0.28515625 0.25859375 0.0375 0.034375
65 0.27421875 0.2921875 0.03984375 0.03515625