149 0.596875 0.53515625 0.11953125 0.06953125
77 0.6796875 0.5375 0.05859375 0.05390625
116 0.73359375 0.534375 0.07578125 0.0453125
77 0.73984375 0.5140625 0.03671875 0.02109375
111 0.2 0.29296875 0.08671875 0.07109375
51 0.13046875 0.275 0.07421875 0.05
65 0.09375 0.303125 0.06953125 0.0390625
65 0.08671875 0.2375 0.04375 0.03046875
65 0.1296875 0.215625 0.0453125 0.04453125
65 0.171875 0.2359375 0.0390625 0.025
65 0.22734375 0.24765625 0.0328125 0.02421875
65 0.275 0.24296875 0.04140625 0.0328125
65 0.3171875 0.2328125 0.05234375 0.0359375
65 0.321875 0.27734375 0.05625 0.0390625
65 0.2703125 0.23984375 0.0328125 0.0234375
65 0.27421875 0.26640625 0.0390625 0.0359375
65 0.26171875 0.3015625 0.04140625 0.03671875