149 0.39375 0.52578125 0.11796875 0.06875
77 0.3125 0.52890625 0.0578125 0.053125
116 0.25859375 0.52578125 0.075 0.04453125
77 0.25234375 0.50546875 0.03671875 0.02109375
111 0.78515625 0.28828125 0.0859375 0.06953125
51 0.85390625 0.27109375 0.07265625 0.04921875
65 0.890625 0.29765625 0.06875 0.03828125
65 0.896875 0.23359375 0.04296875 0.03046875
65 0.85546875 0.21171875 0.0453125 0.04375
65 0.81328125 0.23203125 0.03828125 0.025
65 0.75859375 0.24375 0.03203125 0.02421875
65 0.71171875 0.23828125 0.040625 0.03203125
65 0.66953125 0.22890625 0.0515625 0.03515625
65 0.665625 0.27265625 0.05546875 0.03828125
65 0.715625 0.2359375 0.03203125 0.02265625
65 0.7125 0.26171875 0.03828125 0.03515625
65 0.72421875 0.296875 0.040625 0.03671875