65 0.16484375 0.27265625 0.05 0.034375
65 0.284375 0.26015625 0.04765625 0.03515625
65 0.29921875 0.28203125 0.03515625 0.03203125
65 0.28984375 0.29765625 0.05859375 0.03125
65 0.29140625 0.31953125 0.04609375 0.03046875
65 0.284375 0.3421875 0.05234375 0.03671875
65 0.196875 0.353125 0.05625 0.03984375
65 0.20703125 0.32890625 0.06484375 0.0296875
65 0.24296875 0.31328125 0.04375 0.03671875
65 0.24296875 0.284375 0.03984375 0.02421875
65 0.18828125 0.28515625 0.02734375 0.0234375
65 0.20625 0.29921875 0.03359375 0.02734375
65 0.25 0.2703125 0.02890625 0.025
51 0.165625 0.30859375 0.08125 0.0453125
149 0.59765625 0.51640625 0.1125 0.065625
77 0.721875 0.45625 0.06015625 0.0515625
77 0.73203125 0.42421875 0.05234375 0.028125
116 0.78515625 0.43984375 0.07890625 0.03984375
29 0.40546875 0.3515625 0.11875 0.0671875