65 0.86640625 0.2828125 0.05234375 0.0359375
65 0.73984375 0.26953125 0.05078125 0.0375
65 0.725 0.2921875 0.0375 0.034375
65 0.734375 0.309375 0.06171875 0.0328125
65 0.7328125 0.33203125 0.0484375 0.03203125
65 0.73984375 0.35625 0.0546875 0.03828125
65 0.83203125 0.3671875 0.059375 0.04140625
65 0.82109375 0.3421875 0.06796875 0.03046875
65 0.784375 0.32578125 0.04609375 0.03828125
65 0.784375 0.29609375 0.04140625 0.02578125
65 0.840625 0.29609375 0.028125 0.02421875
65 0.82265625 0.3109375 0.03515625 0.02890625
65 0.7765625 0.28046875 0.03046875 0.0265625
51 0.86484375 0.32109375 0.08515625 0.04765625
149 0.41015625 0.5390625 0.11875 0.06953125
77 0.2796875 0.47578125 0.06328125 0.05390625
77 0.26875 0.4421875 0.0546875 0.0296875
116 0.2125 0.459375 0.08359375 0.04140625
29 0.61328125 0.365625 0.125 0.0703125