65 0.83671875 0.26015625 0.0515625 0.03515625
65 0.71328125 0.246875 0.04921875 0.03671875
65 0.6984375 0.26953125 0.03671875 0.03359375
65 0.7078125 0.28515625 0.06015625 0.03203125
65 0.70625 0.3078125 0.046875 0.03125
65 0.71328125 0.33125 0.05390625 0.0375
65 0.80390625 0.3421875 0.0578125 0.040625
65 0.79296875 0.3171875 0.06640625 0.03046875
65 0.75625 0.3015625 0.0453125 0.0375
65 0.75625 0.27265625 0.040625 0.025
65 0.8125 0.27265625 0.028125 0.02421875
65 0.79375 0.2875 0.034375 0.028125
65 0.74921875 0.25703125 0.0296875 0.02578125
51 0.8359375 0.296875 0.08359375 0.046875
149 0.390625 0.51015625 0.115625 0.0671875
77 0.2625 0.4484375 0.0625 0.053125
77 0.25234375 0.415625 0.05390625 0.02890625
116 0.19765625 0.43203125 0.08125 0.040625
29 0.5890625 0.340625 0.12265625 0.06875