77 0.753125 0.33125 0.06328125 0.03515625
116 0.78984375 0.34609375 0.08203125 0.04375
77 0.75625 0.375 0.065625 0.053125
65 0.26484375 0.31328125 0.05703125 0.0390625
65 0.178125 0.3859375 0.0484375 0.03203125
65 0.2234375 0.384375 0.059375 0.0328125
65 0.2765625 0.3828125 0.04609375 0.0328125
65 0.27734375 0.40390625 0.0484375 0.03515625
65 0.22890625 0.40390625 0.0484375 0.03046875
65 0.175 0.40390625 0.0546875 0.0296875
65 0.16875 0.42265625 0.04609375 0.02578125
65 0.2203125 0.4234375 0.03203125 0.02421875
65 0.27109375 0.428125 0.05703125 0.03515625
51 0.18984375 0.44140625 0.1015625 0.03671875
65 0.19609375 0.46171875 0.059375 0.03046875
65 0.20078125 0.490625 0.0546875 0.04375
65 0.25625 0.46953125 0.065625 0.0390625
65 0.25625 0.44296875 0.04453125 0.0234375
57 0.259375 0.1078125 0.06328125 0.0359375