77 0.75 0.33515625 0.0625 0.034375
116 0.78671875 0.35 0.08125 0.04375
77 0.753125 0.37890625 0.06484375 0.05234375
65 0.26796875 0.31796875 0.05625 0.03828125
65 0.18203125 0.38984375 0.04765625 0.03125
65 0.22734375 0.38828125 0.05859375 0.03203125
65 0.27890625 0.38671875 0.04609375 0.03203125
65 0.28046875 0.40703125 0.04765625 0.034375
65 0.23203125 0.40703125 0.04765625 0.03046875
65 0.17890625 0.4078125 0.05390625 0.0296875
65 0.17265625 0.42578125 0.04609375 0.025
65 0.22421875 0.4265625 0.03125 0.02421875
65 0.27421875 0.43125 0.05625 0.034375
51 0.19375 0.44453125 0.1 0.03671875
65 0.2 0.46484375 0.05859375 0.03046875
65 0.20390625 0.49296875 0.05390625 0.04375
65 0.259375 0.471875 0.06484375 0.03828125
65 0.259375 0.44609375 0.04375 0.0234375
57 0.2625 0.11484375 0.0625 0.03515625