77 0.24375 0.33671875 0.06328125 0.034375
116 0.20703125 0.3515625 0.08203125 0.04375
77 0.240625 0.38046875 0.06484375 0.053125
65 0.7296875 0.31953125 0.05703125 0.0390625
65 0.81640625 0.39140625 0.0484375 0.03125
65 0.77109375 0.38984375 0.05859375 0.0328125
65 0.71875 0.3890625 0.04609375 0.0328125
65 0.7171875 0.409375 0.0484375 0.034375
65 0.765625 0.409375 0.0484375 0.03046875
65 0.81953125 0.41015625 0.0546875 0.0296875
65 0.82578125 0.428125 0.04609375 0.02578125
65 0.77421875 0.42890625 0.03125 0.02421875
65 0.7234375 0.43359375 0.05703125 0.034375
51 0.8046875 0.446875 0.10078125 0.03671875
65 0.7984375 0.4671875 0.05859375 0.03046875
65 0.79375 0.4953125 0.0546875 0.04375
65 0.73828125 0.47421875 0.06484375 0.0390625
65 0.73828125 0.4484375 0.04375 0.0234375
57 0.73515625 0.115625 0.06328125 0.0359375