47 0.13515625 0.18125 0.10390625 0.075
77 0.70703125 0.45 0.05234375 0.0296875
47 0.75703125 0.44765625 0.05625 0.02734375
116 0.73671875 0.4734375 0.11484375 0.03828125
2 0.559375 0.32578125 0.13125 0.04765625
83 0.63515625 0.396875 0.0375 0.0265625
83 0.59296875 0.37890625 0.06875 0.0265625
83 0.66953125 0.3828125 0.05234375 0.03828125
83 0.66796875 0.35078125 0.05234375 0.028125
28 0.78359375 0.29609375 0.06640625 0.05234375
28 0.76015625 0.271875 0.0375 0.034375
28 0.725 0.26015625 0.04609375 0.03203125
69 0.72890625 0.2359375 0.075 0.040625
69 0.81328125 0.24296875 0.07734375 0.0515625
41 0.62265625 0.26171875 0.13359375 0.1015625