47 0.87578125 0.1671875 0.10703125 0.0765625
77 0.28671875 0.44296875 0.05390625 0.03046875
47 0.23515625 0.43984375 0.0578125 0.028125
116 0.25625 0.46640625 0.11796875 0.03984375
2 0.4390625 0.315625 0.13515625 0.04921875
83 0.36015625 0.3890625 0.03828125 0.02734375
83 0.4046875 0.3703125 0.07109375 0.02734375
83 0.325 0.37421875 0.05390625 0.03984375
83 0.32734375 0.340625 0.05390625 0.02890625
28 0.2078125 0.28515625 0.06875 0.05390625
28 0.23203125 0.26015625 0.03828125 0.03515625
28 0.26796875 0.2484375 0.046875 0.03359375
69 0.2640625 0.2234375 0.07734375 0.04140625
69 0.17734375 0.23046875 0.0796875 0.053125
41 0.3734375 0.24921875 0.1375 0.10390625