47 0.87421875 0.1703125 0.10859375 0.078125
77 0.28046875 0.45 0.05390625 0.03046875
47 0.228125 0.446875 0.05859375 0.028125
116 0.25 0.4734375 0.11875 0.03984375
2 0.43359375 0.3203125 0.13671875 0.04921875
83 0.3546875 0.39453125 0.0390625 0.02734375
83 0.39921875 0.37578125 0.07109375 0.02734375
83 0.31953125 0.3796875 0.05390625 0.03984375
83 0.32109375 0.34609375 0.05390625 0.0296875
28 0.2015625 0.28984375 0.06953125 0.0546875
28 0.225 0.2640625 0.0390625 0.0359375
28 0.26171875 0.25234375 0.04765625 0.03359375
69 0.2578125 0.22734375 0.078125 0.0421875
69 0.16953125 0.234375 0.08046875 0.05390625
41 0.36796875 0.25390625 0.13828125 0.10546875