152 0.28828125 0.21484375 0.07578125 0.06171875
44 0.7703125 0.3484375 0.11171875 0.06171875
65 0.7421875 0.41484375 0.04375 0.03828125
65 0.78125 0.4296875 0.040625 0.03671875
65 0.7265625 0.5390625 0.0515625 0.04140625
65 0.79609375 0.51875 0.04375 0.03984375
65 0.77578125 0.5359375 0.04609375 0.03828125
65 0.74609375 0.4578125 0.040625 0.03828125
65 0.7421875 0.515625 0.03828125 0.03671875
65 0.771875 0.5015625 0.03828125 0.03671875
65 0.72421875 0.4796875 0.04609375 0.04296875
65 0.7890625 0.45390625 0.04609375 0.03984375
65 0.73515625 0.43515625 0.040625 0.03515625
65 0.77890625 0.47734375 0.040625 0.03671875
86 0.375 0.6984375 0.0484375 0.04375
136 0.25703125 0.40546875 0.08828125 0.096875