152 0.70859375 0.17734375 0.0796875 0.06484375
44 0.2015625 0.31796875 0.1171875 0.06484375
65 0.23125 0.38828125 0.04609375 0.040625
65 0.18984375 0.403125 0.04296875 0.0390625
65 0.246875 0.51875 0.05390625 0.04375
65 0.17421875 0.496875 0.04609375 0.0421875
65 0.19609375 0.515625 0.0484375 0.040625
65 0.22734375 0.4328125 0.04296875 0.040625
65 0.23125 0.49375 0.03984375 0.0390625
65 0.2 0.47890625 0.03984375 0.0390625
65 0.25 0.45625 0.0484375 0.0453125
65 0.18125 0.42890625 0.0484375 0.0421875
65 0.23828125 0.40859375 0.04296875 0.03671875
65 0.19296875 0.453125 0.04296875 0.0390625
86 0.6171875 0.6859375 0.05078125 0.04609375
136 0.74140625 0.378125 0.0921875 0.10234375