152 0.2859375 0.20234375 0.078125 0.0625
44 0.77890625 0.33828125 0.1140625 0.0625
65 0.75 0.40703125 0.04453125 0.0390625
65 0.790625 0.421875 0.04140625 0.0375
65 0.734375 0.53359375 0.053125 0.0421875
65 0.80546875 0.5125 0.04453125 0.040625
65 0.784375 0.53046875 0.046875 0.0390625
65 0.75390625 0.45078125 0.04140625 0.0390625
65 0.75 0.509375 0.0390625 0.0375
65 0.78046875 0.4953125 0.0390625 0.0375
65 0.73203125 0.4734375 0.046875 0.04375
65 0.7984375 0.446875 0.046875 0.040625
65 0.74296875 0.42734375 0.04140625 0.0359375
65 0.7875 0.4703125 0.04140625 0.0375
86 0.375 0.69609375 0.04921875 0.04453125
136 0.2546875 0.396875 0.08984375 0.09921875