44 0.77734375 0.48203125 0.11953125 0.0625
51 0.37890625 0.21015625 0.10078125 0.05859375
152 0.37265625 0.1578125 0.09765625 0.0640625
65 0.6484375 0.6453125 0.040625 0.04140625
65 0.6234375 0.66328125 0.04609375 0.04140625
65 0.7078125 0.6109375 0.040625 0.03828125
65 0.6671875 0.671875 0.04609375 0.03984375
65 0.69453125 0.653125 0.040625 0.03671875
65 0.57734375 0.6671875 0.04609375 0.04609375
65 0.70234375 0.63359375 0.040625 0.03671875
105 0.3859375 0.5828125 0.125 0.0890625
136 0.28828125 0.18984375 0.109375 0.0859375