44 0.78203125 0.48828125 0.121875 0.0640625
51 0.37734375 0.21171875 0.10234375 0.059375
152 0.3703125 0.15859375 0.09921875 0.065625
65 0.65078125 0.653125 0.04140625 0.0421875
65 0.62578125 0.671875 0.046875 0.0421875
65 0.7109375 0.61953125 0.04140625 0.0390625
65 0.66953125 0.68046875 0.046875 0.040625
65 0.69765625 0.66171875 0.04140625 0.0375
65 0.57890625 0.67578125 0.046875 0.046875
65 0.70546875 0.64140625 0.04140625 0.0375
105 0.38359375 0.590625 0.12734375 0.090625
136 0.284375 0.19140625 0.1109375 0.08671875