44 0.79296875 0.45859375 0.1265625 0.06640625
51 0.371875 0.171875 0.10625 0.06171875
152 0.36484375 0.11640625 0.103125 0.06796875
65 0.65625 0.63046875 0.04296875 0.04375
65 0.63046875 0.65 0.04921875 0.04375
65 0.71953125 0.59453125 0.04296875 0.040625
65 0.6765625 0.65859375 0.04921875 0.0421875
65 0.70546875 0.6390625 0.04296875 0.0390625
65 0.58203125 0.65390625 0.04921875 0.0484375
65 0.7140625 0.61796875 0.04296875 0.0390625
105 0.3796875 0.56484375 0.13203125 0.09375
136 0.27578125 0.15 0.115625 0.090625