87 0.1171875 0.709375 0.1421875 0.07421875
114 0.18515625 0.63359375 0.1125 0.059375
50 0.25234375 0.63203125 0.1140625 0.0671875
60 0.24921875 0.54453125 0.0734375 0.0734375
75 0.271875 0.47734375 0.08671875 0.05
7 0.15078125 0.48203125 0.0375 0.0265625
7 0.1875 0.50078125 0.034375 0.0265625
7 0.2203125 0.52265625 0.07109375 0.0234375
7 0.221875 0.47734375 0.07578125 0.02421875
7 0.2453125 0.503125 0.0796875 0.0234375
145 0.17734375 0.56484375 0.03359375 0.0375
145 0.19375 0.565625 0.0421875 0.0375