87 0.9078125 0.73203125 0.14765625 0.0765625
114 0.83671875 0.653125 0.11640625 0.06171875
50 0.7671875 0.6515625 0.11875 0.0703125
60 0.7703125 0.5609375 0.07578125 0.07578125
75 0.746875 0.490625 0.08984375 0.05234375
7 0.87265625 0.49609375 0.03828125 0.02734375
7 0.834375 0.51484375 0.0359375 0.02734375
7 0.8 0.53828125 0.07421875 0.02421875
7 0.7984375 0.49140625 0.07890625 0.025
7 0.77421875 0.51796875 0.0828125 0.02421875
145 0.8453125 0.58203125 0.034375 0.0390625
145 0.828125 0.5828125 0.04453125 0.0390625