87 0.11640625 0.71328125 0.14375 0.075
114 0.18515625 0.63671875 0.11328125 0.06015625
50 0.25390625 0.6359375 0.115625 0.06796875
60 0.25 0.54765625 0.07421875 0.07421875
75 0.2734375 0.47890625 0.0875 0.05078125
7 0.15078125 0.48359375 0.0375 0.0265625
7 0.18828125 0.50234375 0.034375 0.02734375
7 0.221875 0.525 0.071875 0.02421875
7 0.22265625 0.47890625 0.0765625 0.02421875
7 0.246875 0.50546875 0.08046875 0.02421875
145 0.17734375 0.5671875 0.03359375 0.03828125
145 0.19453125 0.56875 0.04296875 0.03828125