65 0.81015625 0.3140625 0.04453125 0.040625
65 0.79765625 0.35625 0.053125 0.04453125
65 0.7390625 0.2828125 0.0421875 0.0359375
65 0.77265625 0.30078125 0.0421875 0.0390625
65 0.7765625 0.33359375 0.0390625 0.0359375
65 0.709375 0.33515625 0.04453125 0.0390625
65 0.6953125 0.27734375 0.05 0.04453125
65 0.74296875 0.35234375 0.05 0.04296875
65 0.74296875 0.3203125 0.0390625 0.0375
65 0.7140625 0.303125 0.0421875 0.040625
44 0.67578125 0.20546875 0.0953125 0.06171875
10 0.721875 0.24921875 0.06953125 0.05390625
65 0.696875 0.19296875 0.03671875 0.0359375
65 0.7125 0.21015625 0.0625 0.04609375
65 0.62578125 0.221875 0.0578125 0.04453125
65 0.73515625 0.22734375 0.05703125 0.03828125