65 0.79375 0.3203125 0.04375 0.03984375
65 0.78125 0.36171875 0.0515625 0.04296875
65 0.72421875 0.290625 0.040625 0.03515625
65 0.75703125 0.3078125 0.040625 0.03828125
65 0.7609375 0.33984375 0.03828125 0.03515625
65 0.6953125 0.34140625 0.04375 0.03828125
65 0.68203125 0.28515625 0.04921875 0.04296875
65 0.728125 0.3578125 0.04921875 0.04140625
65 0.728125 0.3265625 0.03828125 0.03671875
65 0.7 0.31015625 0.040625 0.03984375
44 0.66328125 0.215625 0.0921875 0.06015625
10 0.7078125 0.2578125 0.06796875 0.05234375
65 0.68359375 0.203125 0.0359375 0.03515625
65 0.6984375 0.21953125 0.0609375 0.04453125
65 0.6140625 0.23046875 0.05625 0.04375
65 0.72109375 0.23671875 0.05546875 0.03671875