44 0.2765625 0.34921875 0.10078125 0.06484375
65 0.2765625 0.47109375 0.05 0.04296875
65 0.16171875 0.49296875 0.04453125 0.04609375
65 0.2 0.47734375 0.0421875 0.0390625
65 0.225 0.459375 0.04765625 0.040625
10 0.2734375 0.39375 0.07265625 0.04609375
132 0.221875 0.50078125 0.08671875 0.05234375
52 0.20234375 0.3546875 0.0640625 0.05703125
65 0.296875 0.340625 0.05625 0.05390625
65 0.24921875 0.33984375 0.03984375 0.04765625
52 0.2578125 0.3515625 0.05234375 0.04921875
52 0.2296875 0.37890625 0.065625 0.05390625