44 0.275 0.328125 0.10078125 0.06484375
65 0.275 0.45 0.05078125 0.04296875
65 0.16015625 0.47265625 0.0453125 0.04609375
65 0.19765625 0.45625 0.0421875 0.03984375
65 0.2234375 0.43828125 0.04765625 0.04140625
10 0.27265625 0.37265625 0.07265625 0.04609375
132 0.2203125 0.48046875 0.08671875 0.05234375
52 0.20078125 0.33359375 0.06484375 0.05703125
65 0.2953125 0.31953125 0.05625 0.05390625
65 0.24765625 0.31875 0.03984375 0.04765625
52 0.25625 0.33046875 0.05234375 0.05
52 0.228125 0.3578125 0.065625 0.0546875