44 0.7203125 0.34765625 0.09765625 0.0625
65 0.7203125 0.465625 0.04921875 0.04140625
65 0.83125 0.48671875 0.04375 0.04453125
65 0.79453125 0.471875 0.040625 0.03828125
65 0.7703125 0.45390625 0.04609375 0.03984375
10 0.72265625 0.390625 0.0703125 0.04453125
132 0.7734375 0.49453125 0.084375 0.05078125
52 0.7921875 0.353125 0.0625 0.05546875
65 0.70078125 0.3390625 0.0546875 0.05234375
65 0.746875 0.33828125 0.03828125 0.04609375
52 0.7390625 0.34921875 0.05078125 0.0484375
52 0.765625 0.3765625 0.0640625 0.05234375