53 0.7078125 0.1984375 0.0671875 0.04921875
65 0.6953125 0.32890625 0.0421875 0.03828125
65 0.80234375 0.33046875 0.03671875 0.04140625
65 0.65703125 0.34609375 0.0390625 0.04609375
65 0.778125 0.346875 0.0453125 0.03203125
65 0.70078125 0.34765625 0.03671875 0.03671875
65 0.834375 0.3484375 0.0390625 0.04140625
136 0.7359375 0.35859375 0.10078125 0.1
65 0.80078125 0.3671875 0.0390625 0.04453125
65 0.86796875 0.36875 0.0390625 0.04765625
65 0.68984375 0.3703125 0.03671875 0.04140625
65 0.6546875 0.37734375 0.0453125 0.03671875
65 0.8203125 0.38671875 0.0390625 0.04296875
65 0.77265625 0.390625 0.0390625 0.04453125