53 0.71484375 0.20234375 0.0671875 0.04921875
65 0.70234375 0.3328125 0.0421875 0.0375
65 0.80859375 0.334375 0.0359375 0.040625
65 0.66484375 0.34921875 0.0390625 0.04609375
65 0.78515625 0.35 0.04453125 0.03125
65 0.7078125 0.35078125 0.0359375 0.0359375
65 0.840625 0.3515625 0.0390625 0.040625
136 0.74296875 0.36171875 0.10078125 0.09921875
65 0.80703125 0.3703125 0.0390625 0.04453125
65 0.87421875 0.371875 0.0390625 0.04765625
65 0.696875 0.3734375 0.0359375 0.040625
65 0.66171875 0.38125 0.04453125 0.0359375
65 0.8265625 0.390625 0.0390625 0.04296875
65 0.7796875 0.39453125 0.0390625 0.04453125