53 0.7046875 0.21875 0.06640625 0.0484375
65 0.6921875 0.34765625 0.04140625 0.0375
65 0.796875 0.34921875 0.0359375 0.040625
65 0.6546875 0.3640625 0.0390625 0.0453125
65 0.7734375 0.36484375 0.04453125 0.03125
65 0.69765625 0.365625 0.0359375 0.0359375
65 0.82890625 0.36640625 0.0390625 0.040625
136 0.73203125 0.37578125 0.09921875 0.0984375
65 0.7953125 0.384375 0.0390625 0.04375
65 0.86171875 0.3859375 0.0390625 0.046875
65 0.68671875 0.3875 0.0359375 0.040625
65 0.6515625 0.39453125 0.04453125 0.0359375
65 0.81484375 0.40390625 0.0390625 0.0421875
65 0.76796875 0.4078125 0.0390625 0.04375