53 0.29921875 0.2171875 0.06484375 0.04765625
65 0.3109375 0.34375 0.040625 0.03671875
65 0.2078125 0.3453125 0.03515625 0.03984375
65 0.34765625 0.359375 0.03828125 0.04453125
65 0.23125 0.36015625 0.04375 0.03046875
65 0.30546875 0.3609375 0.03515625 0.03515625
65 0.1765625 0.36171875 0.03828125 0.03984375
136 0.271875 0.371875 0.09765625 0.096875
65 0.209375 0.38046875 0.03828125 0.04296875
65 0.14375 0.38203125 0.03828125 0.04609375
65 0.31640625 0.38359375 0.03515625 0.03984375
65 0.35078125 0.390625 0.04375 0.03515625
65 0.18984375 0.39921875 0.03828125 0.04140625
65 0.23671875 0.403125 0.03828125 0.04296875