53 0.2875 0.25234375 0.06171875 0.08203125
65 0.28046875 0.3734375 0.0421875 0.04453125
65 0.20390625 0.37734375 0.0390625 0.040625
65 0.23984375 0.3828125 0.0390625 0.0390625
65 0.16875 0.3890625 0.0421875 0.0390625
65 0.2796875 0.3953125 0.0390625 0.0359375
51 0.20390625 0.3984375 0.0890625 0.04296875
65 0.35859375 0.409375 0.04765625 0.04921875
65 0.31015625 0.4109375 0.05 0.04296875
65 0.2734375 0.41640625 0.0390625 0.0375
65 0.2265625 0.4171875 0.04453125 0.0390625
65 0.25859375 0.43671875 0.053125 0.040625
65 0.3296875 0.43828125 0.05625 0.04453125
65 0.384375 0.4421875 0.053125 0.04609375
152 0.45234375 0.48125 0.0671875 0.05078125