53 0.290625 0.2640625 0.06015625 0.0796875
65 0.28359375 0.38203125 0.040625 0.04296875
65 0.209375 0.38515625 0.03828125 0.03984375
65 0.24453125 0.390625 0.03828125 0.03828125
65 0.175 0.39609375 0.040625 0.03828125
65 0.2828125 0.40234375 0.03828125 0.03515625
51 0.209375 0.40546875 0.08671875 0.04140625
65 0.36015625 0.41640625 0.04609375 0.04765625
65 0.3125 0.41796875 0.04921875 0.04140625
65 0.27734375 0.4234375 0.03828125 0.03671875
65 0.23125 0.42421875 0.04375 0.03828125
65 0.2625 0.44296875 0.0515625 0.03984375
65 0.33125 0.44453125 0.0546875 0.04296875
65 0.384375 0.4484375 0.0515625 0.04453125
152 0.45078125 0.4859375 0.06484375 0.04921875