53 0.28359375 0.26015625 0.0609375 0.08125
65 0.2765625 0.38125 0.04140625 0.04375
65 0.2 0.384375 0.0390625 0.040625
65 0.2359375 0.38984375 0.0390625 0.0390625
65 0.165625 0.39609375 0.04140625 0.0390625
65 0.275 0.40234375 0.0390625 0.0359375
51 0.2 0.40546875 0.0890625 0.0421875
65 0.35390625 0.41640625 0.046875 0.0484375
65 0.30546875 0.41796875 0.05 0.0421875
65 0.26953125 0.4234375 0.0390625 0.0375
65 0.221875 0.42421875 0.04453125 0.0390625
65 0.25390625 0.44375 0.053125 0.040625
65 0.325 0.4453125 0.05546875 0.04375
65 0.37890625 0.44921875 0.053125 0.0453125
152 0.446875 0.4875 0.06640625 0.05