31 0.61640625 0.46796875 0.14921875 0.0640625
69 0.69375 0.4703125 0.0546875 0.0328125
69 0.734375 0.46171875 0.04296875 0.0375
69 0.78203125 0.471875 0.046875 0.03671875
132 0.83984375 0.53828125 0.053125 0.0515625
120 0.709375 0.5640625 0.06328125 0.0421875
129 0.71015625 0.603125 0.0375 0.0234375
129 0.6859375 0.6171875 0.04296875 0.02734375
129 0.73359375 0.6171875 0.0453125 0.025
77 0.50078125 0.5515625 0.0390625 0.025
77 0.54921875 0.5453125 0.04921875 0.0265625
25 0.75859375 0.61171875 0.153125 0.06875