31 0.61171875 0.47265625 0.15546875 0.06640625
69 0.69140625 0.475 0.05703125 0.034375
69 0.734375 0.465625 0.0453125 0.0390625
69 0.7828125 0.4765625 0.04921875 0.0375
132 0.84375 0.54453125 0.05546875 0.05390625
120 0.7078125 0.571875 0.065625 0.04296875
129 0.70859375 0.6125 0.0390625 0.02421875
129 0.6828125 0.62734375 0.0453125 0.028125
129 0.7328125 0.62734375 0.046875 0.0265625
77 0.490625 0.55859375 0.040625 0.0265625
77 0.540625 0.55234375 0.05078125 0.02734375
25 0.75859375 0.6203125 0.159375 0.0703125