31 0.3828125 0.48359375 0.15703125 0.0671875
69 0.3015625 0.4859375 0.0578125 0.034375
69 0.25859375 0.4765625 0.0453125 0.0390625
69 0.20859375 0.4875 0.04921875 0.03828125
132 0.1484375 0.55625 0.05546875 0.05390625
120 0.28515625 0.58359375 0.06640625 0.04375
129 0.284375 0.62421875 0.0390625 0.02421875
129 0.31015625 0.63984375 0.0453125 0.02890625
129 0.259375 0.63984375 0.04765625 0.0265625
77 0.50390625 0.5703125 0.04140625 0.0265625
77 0.45390625 0.5640625 0.0515625 0.02734375
25 0.23359375 0.63359375 0.1609375 0.071875