7 0.689024390625 0.311428571875 0.6869918703125 0.3038095234375 0.6666666671875 0.30285714218750004 0.6504065046874999 0.3133333328125 0.640243903125 0.312380953125 0.62804878125 0.3180952375 0.6747967484374999 0.3257142859375 0.7113821140625001 0.31904761875 0.7093495937500001 0.3142857140625 0.689024390625 0.311428571875
7 0.782520325 0.27714285781250003 0.7682926828125 0.2819047625 0.7682926828125 0.2952380953125 0.7764227640625 0.30285714218750004 0.794715446875 0.29904761875 0.794715446875 0.27999999999999997 0.782520325 0.27714285781250003
7 0.282520325 0.432380953125 0.27032520312499997 0.45238095312500004 0.27439024375 0.4561904765625 0.2845528453125 0.45238095312500004 0.302845528125 0.46476190468749995 0.3170731703125 0.45904761875 0.30691056875 0.4342857140625 0.282520325 0.432380953125
7 0.7154471546875001 0.4066666671875 0.7073170734375 0.41809523750000005 0.69308943125 0.42285714218750003 0.6951219515625 0.43333333281249997 0.7154471546875001 0.42571428593749994 0.7479674796875 0.43333333281249997 0.74186991875 0.4066666671875 0.7154471546875001 0.4066666671875
25 0.8739837390625 0.3552380953125 0.8292682921875001 0.347619046875 0.82317073125 0.3542857140625 0.7804878046875 0.352380953125 0.7560975609375 0.35904761875 0.7357723578125 0.37619047656250004 0.7337398375 0.40190476249999996 0.7560975609375 0.41809523750000005 0.782520325 0.41333333281250006 0.7865853656249999 0.4028571421875 0.8211382109375001 0.411428571875 0.8252032515625001 0.4247619046875 0.843495934375 0.4238095234375 0.8536585359375 0.42095238124999995 0.8516260156250001 0.4028571421875 0.8861788625000001 0.4038095234375 0.8963414640625 0.39714285781249997 0.9004065046875 0.368571428125 0.8739837390625 0.3552380953125
54 0.7662601625 0.22857142812500003 0.7601626015625 0.212380953125 0.7398373984375 0.212380953125 0.7378048781250001 0.229523809375 0.7154471546875001 0.26095238125 0.72560975625 0.2733333328125 0.7357723578125 0.2761904765625 0.7601626015625 0.272380953125 0.7804878046875 0.2752380953125 0.7886178859374999 0.2542857140625 0.8048780484375 0.251428571875 0.802845528125 0.24 0.7662601625 0.22857142812500003
42 0.5365853656249999 0.0866666671875 0.52439024375 0.08095238125000001 0.5223577234375 0.0733333328125 0.4939024390625 0.070476190625 0.460365853125 0.0857142859375 0.422764228125 0.087619046875 0.4186991875 0.13999999999999999 0.430894309375 0.1771428578125 0.5772357718750001 0.1771428578125 0.5813008125 0.092380953125 0.5752032515625001 0.0866666671875 0.5365853656249999 0.0866666671875
58 0.25 0.1666666671875 0.20121951249999998 0.1628571421875 0.19308943125 0.1666666671875 0.1504065046875 0.1666666671875 0.14024390312499999 0.1942857140625 0.14024390312499999 0.24095238125 0.17682926875 0.252380953125 0.1951219515625 0.252380953125 0.22357723593749998 0.2428571421875 0.2479674796875 0.25047619062500004 0.2662601625 0.24095238125 0.2723577234375 0.2419047625 0.2662601625 0.1942857140625 0.25 0.1666666671875
58 0.847560975 0.16476190468750002 0.7967479671875 0.1628571421875 0.7520325203125 0.1666666671875 0.7398373984375 0.21047619062499998 0.7642276421875 0.2142857140625 0.7621951218749999 0.2228571421875 0.7804878046875 0.23714285781250002 0.7764227640625 0.24095238125 0.8536585359375 0.2428571421875 0.8658536578125 0.24 0.8678861781249999 0.2 0.8577235765625 0.170476190625 0.847560975 0.16476190468750002
145 0.25 0.48476190468749997 0.2113821140625 0.48380952343750006 0.237804878125 0.507619046875 0.26829268281249996 0.5019047624999999 0.25813008125 0.48857142812500004 0.25 0.48476190468749997
145 0.7398373984375 0.4733333328125 0.7682926828125 0.47238095312499995 0.7845528453124999 0.46285714218749996 0.7906504062499999 0.450476190625 0.782520325 0.4561904765625 0.75813008125 0.451428571875 0.7398373984375 0.4733333328125
145 0.754065040625 0.4780952375 0.7398373984375 0.4980952375 0.754065040625 0.4971428578125 0.7682926828125 0.5066666671875 0.7865853656249999 0.4733333328125 0.754065040625 0.4780952375
118 0.5752032515625001 0.6219047625 0.5264227640625 0.6219047625 0.5101626015625 0.6180952375000001 0.42682926875 0.6219047625 0.4207317078125 0.6599999999999999 0.4329268296875 0.710476190625 0.48577235781250006 0.7161904765625 0.5264227640625 0.7161904765625 0.5460711375 0.711428571875 0.5752032515625001 0.710476190625 0.585365853125 0.6771428578124999 0.5833333328125 0.629523809375 0.5752032515625001 0.6219047625
138 0.213414634375 0.5542857140625 0.2113821140625 0.5466666671875 0.205284553125 0.5466666671875 0.205284553125 0.5561904765625 0.1504065046875 0.5580952375 0.1361788625 0.6019047625 0.1199186984375 0.6047619046875 0.1422764234375 0.632380953125 0.17479674843749998 0.631428571875 0.20121951249999998 0.63904761875 0.2073170734375 0.6361904765624999 0.229674796875 0.6380952375 0.2357723578125 0.632380953125 0.2601626015625 0.629523809375 0.2601626015625 0.6247619046875 0.282520325 0.6133333328125 0.2845528453125 0.6 0.27439024375 0.59904761875 0.25609756093749997 0.5771428578125 0.2520325203125 0.5580952375 0.213414634375 0.5542857140625
138 0.782520325 0.5542857140625 0.7520325203125 0.5580952375 0.7276422765625 0.5952380953125 0.7093495937500001 0.6 0.7093495937500001 0.612380953125 0.7337398375 0.6133333328125 0.754065040625 0.62 0.7621951218749999 0.6333333328124999 0.7926829265625 0.632380953125 0.8048780484375 0.63904761875 0.82317073125 0.632380953125 0.8313008125 0.6371428578125 0.8414634140624999 0.631428571875 0.8556910562500001 0.632380953125 0.8617886171875 0.6228571421875 0.8821138218750001 0.61904761875 0.8861788625000001 0.6 0.8739837390625 0.5971428578125 0.8556910562500001 0.5580952375 0.782520325 0.5542857140625
132 0.717479675 0.6009523812500001 0.7012195125 0.6171428578125 0.7134146343750001 0.64 0.72560975625 0.6380952375 0.7520325203125 0.6419047625000001 0.754065040625 0.6247619046875 0.717479675 0.6009523812500001