7 0.528 0.15651358906249999 0.522 0.1630740390625 0.526 0.177132146875 0.55 0.1790065609375 0.55 0.15745079687500002 0.528 0.15651358906249999
54 0.36 0.12933458281250002 0.36 0.136832240625 0.344 0.144329896875 0.344 0.1490159328125 0.396 0.150890346875 0.40599999999999997 0.1396438609375 0.396 0.10777881874999999 0.358 0.0993439546875 0.32599999999999996 0.1002811625 0.316 0.10496719843749999 0.314 0.10965323281249999 0.33599999999999997 0.12089971875000001 0.33599999999999997 0.1255857546875 0.36 0.12933458281250002
7 0.33199999999999996 0.14807872500000002 0.354 0.1490159328125 0.36 0.12933458281250002 0.352 0.12652296093749998 0.33399999999999996 0.1283973765625 0.33399999999999996 0.13589503281249998 0.318 0.14058106875 0.32 0.1433926890625 0.33199999999999996 0.14807872500000002
58 0.774 0.2464854734375 0.786 0.2474226796875 0.792 0.2530459234375 0.82 0.2549203375 0.8560000000000001 0.244611059375 0.858 0.20899718906250003 0.8460000000000001 0.171508903125 0.8119999999999999 0.171508903125 0.796 0.167760075 0.748 0.171508903125 0.73 0.20805998125 0.726 0.245548265625 0.74 0.245548265625 0.748 0.25210871562500003 0.774 0.2464854734375
58 0.264 0.200562325 0.252 0.171508903125 0.21600000000000003 0.16869728281250002 0.202 0.1724461109375 0.154 0.171508903125 0.142 0.200562325 0.144 0.244611059375 0.256 0.245548265625 0.264 0.2427366453125 0.264 0.200562325
42 0.42800000000000005 0.18181818125 0.5660000000000001 0.18181818125 0.5820000000000001 0.141518275 0.5780000000000001 0.0937207125 0.548666 0.0918462984375 0.524 0.0805998125 0.49400000000000005 0.07403936250000001 0.476 0.089971884375 0.434 0.0918462984375 0.42000000000000004 0.0984067484375 0.42400000000000004 0.150890346875 0.43600000000000005 0.1630740390625 0.42800000000000005 0.18181818125
145 0.5820000000000001 0.6841611999999999 0.5740000000000001 0.6982193062500001 0.602 0.7057169640625001 0.628 0.6813495781250001 0.5820000000000001 0.6841611999999999
145 0.41 0.6841611999999999 0.394 0.6822867859375 0.386 0.6869728203125 0.362 0.6841611999999999 0.358 0.6869728203125 0.392 0.701030928125 0.418 0.6982193062500001 0.41 0.6841611999999999
138 0.148 0.6288659796875 0.174 0.6363636359375 0.186 0.6298031859375001 0.20400000000000001 0.6354264296875 0.22200000000000003 0.63074039375 0.264 0.6288659796875 0.266 0.581068415625 0.258 0.5754451734375 0.254 0.5557638234375 0.18 0.553889409375 0.152 0.55670103125 0.122 0.59793814375 0.126 0.6157450796874999 0.136 0.613870665625 0.148 0.6288659796875
138 0.768 0.6354264296875 0.786 0.6316776 0.798 0.6354264296875 0.8539999999999999 0.6298031859375001 0.86 0.626991565625 0.8619999999999999 0.600749765625 0.8460000000000001 0.55670103125 0.8240000000000001 0.5557638234375 0.8099999999999999 0.560449859375 0.768 0.552952203125 0.764 0.55670103125 0.744 0.5576382375 0.744 0.5651358953125001 0.712 0.5988753515624999 0.73 0.6232427359375 0.768 0.6354264296875
118 0.5780000000000001 0.6588566078125 0.5740000000000001 0.6185567015625 0.522 0.620431115625 0.49800000000000005 0.613870665625 0.42400000000000004 0.6194939078125 0.42000000000000004 0.6251171515625 0.422 0.66447985 0.45199999999999996 0.6597938140624999 0.538 0.6654170578125 0.5780000000000001 0.6588566078125