23 0.564777328125 0.2206439390625 0.5526315796875 0.2414772734375 0.5627530359375 0.265151515625 0.5890688265625 0.265151515625 0.6032388656250001 0.271780303125 0.5971659921875 0.24905302968749998 0.615384615625 0.2414772734375 0.615384615625 0.236742425 0.593117409375 0.21969697031250002 0.564777328125 0.2206439390625
58 0.8481781375 0.17329545468750002 0.8400809718750001 0.169507575 0.803643725 0.1666666671875 0.783400809375 0.171401515625 0.7489878546875001 0.169507575 0.732793521875 0.20833333281250002 0.7348178140625 0.2433712125 0.7591093125 0.24905302968749998 0.8542510125 0.2452651515625 0.862348178125 0.23106060624999997 0.8603238859375001 0.1979166671875 0.8481781375 0.17329545468750002
58 0.2429149796875 0.17045454531249998 0.2348178140625 0.169507575 0.2206477734375 0.17518939375 0.2004048578125 0.1666666671875 0.188259109375 0.17045454531249998 0.1457489875 0.17045454531249998 0.1356275296875 0.1979166671875 0.1356275296875 0.24431818125000002 0.17206477656250002 0.2547348484375 0.244939271875 0.2509469703125 0.2631578953125 0.24242424218749997 0.261133603125 0.19696969687500002 0.2429149796875 0.17045454531249998
42 0.56680161875 0.090909090625 0.536437246875 0.090909090625 0.520242915625 0.0871212125 0.51619433125 0.075757575 0.506072875 0.0738636359375 0.4817813765625 0.07481060625 0.4757085015625 0.08333333281250001 0.4473684203125 0.090909090625 0.419028340625 0.090909090625 0.41295546562499996 0.1448863640625 0.429149796875 0.18181818125 0.5688259109375 0.1808712125 0.5607287453125 0.16193181875 0.570850203125 0.1553030296875 0.5748987859375 0.14204545468750002 0.57287449375 0.096590909375 0.56680161875 0.090909090625
119 0.570850203125 0.6231060609375 0.5344129546875 0.625 0.506072875 0.6164772734375 0.4817813765625 0.625 0.4230769234375 0.6231060609375 0.41295546562499996 0.65625 0.4251012140625 0.7111742421875 0.4514170046875 0.7121212124999999 0.4757085015625 0.7178030296875 0.52226720625 0.7178030296875 0.530364371875 0.7130681812499999 0.5404858296875 0.714962121875 0.5688259109375 0.7111742421875 0.57894736875 0.678030303125 0.5748987859375 0.6259469703125 0.570850203125 0.6231060609375
138 0.817813765625 0.5568181812499999 0.8097165984375 0.5634469703125 0.767206478125 0.5539772734375 0.7449392718750001 0.5596590906250001 0.7125506078125 0.6089015156250001 0.73076923125 0.6202651515625 0.7368421046875 0.6335227265625 0.8259109312499999 0.6392045453125 0.8522267203125 0.6325757578125 0.8542510125 0.6231060609375 0.8400809718750001 0.6145833328125 0.8380566796875 0.603219696875 0.8643724703125001 0.6022727265625 0.87651821875 0.607007575 0.878542509375 0.6022727265625 0.8502024296874999 0.5596590906250001 0.817813765625 0.5568181812499999
138 0.2469635625 0.5596590906250001 0.21862348125 0.558712121875 0.20445344062499998 0.5511363640625 0.1477732796875 0.558712121875 0.11538461562499999 0.60606060625 0.11538461562499999 0.61268939375 0.1275303640625 0.6136363640625 0.1356275296875 0.6325757578125 0.2489878546875 0.6325757578125 0.2570850203125 0.6183712124999999 0.2408906875 0.6136363640625 0.238866396875 0.603219696875 0.261133603125 0.6013257578125 0.2591093125 0.5861742421875 0.2469635625 0.5596590906250001
89 0.5101214578125 0.45738636406250005 0.4433198375 0.46306818125 0.42105263125 0.46875 0.41497975781249996 0.472537878125 0.42105263125 0.482007575 0.4170040484375 0.5075757578125 0.42712550625 0.5104166671875 0.4473684203125 0.5056818187500001 0.5242914984375 0.5075757578125 0.5242914984375 0.46306818125 0.5101214578125 0.45738636406250005
111 0.8603238859375001 0.35132575781250003 0.8502024296874999 0.3418560609375 0.8421052625 0.3418560609375 0.805668015625 0.365530303125 0.8016194328124999 0.3702651515625 0.8218623484375 0.384469696875 0.8259109312499999 0.4053030296875 0.834008096875 0.39867424218749997 0.8502024296874999 0.3958333328125 0.8603238859375001 0.4053030296875 0.8684210531250001 0.4053030296875 0.8805668015625001 0.357007575 0.8603238859375001 0.35132575781250003
114 0.8117408906250001 0.3390151515625 0.7975708499999999 0.33806818125000004 0.7368421046875 0.3636363640625 0.7408906875 0.371212121875 0.761133603125 0.3731060609375 0.7854251015625 0.390151515625 0.817813765625 0.390151515625 0.8198380562500001 0.384469696875 0.8137651828125 0.375 0.803643725 0.37215909062499997 0.803643725 0.365530303125 0.817813765625 0.34943181874999996 0.8117408906250001 0.3390151515625
145 0.7712550609375 0.41287878750000007 0.7530364375 0.415719696875 0.7510121453124999 0.441287878125 0.761133603125 0.441287878125 0.7935222671875 0.428030303125 0.7975708499999999 0.41761363593749995 0.7712550609375 0.41287878750000007
145 0.7186234812500001 0.40625 0.7267206484375001 0.428030303125 0.7469635625 0.419507575 0.7449392718750001 0.4043560609375 0.7186234812500001 0.40625