58 0.8381147546875001 0.170498084375 0.7950819671875 0.17241379375000002 0.784836065625 0.1676245203125 0.741803278125 0.17241379375000002 0.729508196875 0.2068965515625 0.7356557375 0.24808429062499998 0.8565573765625001 0.24616858281249998 0.8586065578125 0.2040229890625 0.846311475 0.1743295015625 0.8381147546875001 0.170498084375
58 0.20286885312499997 0.1676245203125 0.1352459015625 0.17241379375000002 0.125 0.20114942500000002 0.1270491796875 0.24712643750000002 0.2110655734375 0.24904214531250002 0.25 0.24616858281249998 0.2520491796875 0.2021072796875 0.2397540984375 0.17528735625 0.20286885312499997 0.1676245203125
42 0.5307377046874999 0.09099616875 0.508196721875 0.08333333281250001 0.506147540625 0.0756704984375 0.4959016390625 0.0737547890625 0.471311475 0.0756704984375 0.45696721250000005 0.09099616875 0.40983606562499997 0.092911878125 0.4057377046875 0.144636015625 0.41803278749999995 0.1829501921875 0.4323770484375 0.1858237546875 0.5655737703125 0.1829501921875 0.55532786875 0.17241379375000002 0.56967213125 0.14272030625 0.5717213109375 0.09770115 0.5635245906249999 0.092911878125 0.5307377046874999 0.09099616875
54 0.8073770484375 0.386015325 0.7889344265625 0.3869731796875 0.784836065625 0.368773946875 0.76229508125 0.3697318 0.741803278125 0.4080459765625 0.741803278125 0.418582375 0.75 0.42049808437499997 0.75 0.4291187734375 0.7602459015624999 0.43486589999999997 0.8073770484375 0.43486589999999997 0.8278688531249999 0.3984674328125 0.8073770484375 0.386015325
7 0.8258196718749999 0.4664750953125 0.8196721312499999 0.46934865937500003 0.813524590625 0.4808429125 0.8299180328125001 0.4913793109375 0.8422131140625 0.4913793109375 0.8545081968750001 0.4846743296875 0.84836065625 0.46934865937500003 0.8258196718749999 0.4664750953125
7 0.5491803281250001 0.45977011562500003 0.5758196718749999 0.4913793109375 0.596311475 0.4865900390625 0.596311475 0.46360153281249994 0.590163934375 0.45977011562500003 0.5491803281250001 0.45977011562500003
7 0.5368852453125 0.4406130265625 0.528688525 0.4454022984375 0.5327868859375 0.4568965515625 0.5491803281250001 0.46743294999999996 0.5676229515625 0.45977011562500003 0.5594262296875 0.45402298906249994 0.5594262296875 0.44348659062499995 0.5368852453125 0.4406130265625
25 0.6393442625 0.4406130265625 0.616803278125 0.4339080453125 0.56967213125 0.4310344828125 0.5512295078125 0.43773946406249997 0.5594262296875 0.44157088125 0.5594262296875 0.4664750953125 0.5819672125 0.5038314171875 0.631147540625 0.5057471265625 0.659836065625 0.5 0.68032786875 0.485632184375 0.6823770484375 0.4703065140625 0.6393442625 0.4406130265625
118 0.5655737703125 0.6302682 0.47745901562500004 0.62643678125 0.4672131140625 0.6321839078125 0.41598360625 0.631226053125 0.4077868859375 0.6666666671875 0.41803278749999995 0.719348659375 0.5143442625 0.7250957859375 0.5614754093750001 0.7183908046874999 0.5737704921875 0.6829501921875 0.5717213109375 0.6561302687499999 0.5655737703125 0.6302682
132 0.7131147546875 0.5718390796875 0.6844262296875 0.572796934375 0.6762295078125 0.581417625 0.6741803281250001 0.605363984375 0.68032786875 0.60727969375 0.7049180328125 0.6111111109375 0.727459015625 0.6082375484375 0.727459015625 0.5871647515625 0.7172131140625 0.5756704984375001 0.7131147546875 0.5718390796875
89 0.49795082031250004 0.4798850578125 0.41803278749999995 0.49329501875000004 0.4077868859375 0.49808429062500004 0.4057377046875 0.527777778125 0.41188524531250004 0.534482759375 0.4549180328125 0.5354406125 0.48155737656250003 0.530651340625 0.4959016390625 0.534482759375 0.5102459015624999 0.5316091953125001 0.5184426234374999 0.527777778125 0.5184426234374999 0.49233716406249994 0.49795082031250004 0.4798850578125
114 0.7950819671875 0.511494253125 0.7315573765625001 0.5363984671875001 0.729508196875 0.5450191578125 0.7315573765625001 0.548850575 0.743852459375 0.5498084296875 0.756147540625 0.5459770109375001 0.772540984375 0.548850575 0.784836065625 0.544061303125 0.8032786890624999 0.544061303125 0.8217213109375001 0.5517241375 0.8237704921875 0.5478927203125 0.8360655734375 0.5478927203125 0.8606557374999999 0.5526819921875 0.8586065578125 0.5335249046875 0.7950819671875 0.511494253125
138 0.241803278125 0.5785440609375 0.241803278125 0.5689655171875 0.2336065578125 0.5641762453125 0.1905737703125 0.5555555562500001 0.1782786890625 0.5641762453125 0.13729508125 0.5641762453125 0.118852459375 0.59099616875 0.11270491875 0.59099616875 0.118852459375 0.6044061296875001 0.102459015625 0.6159003828125 0.118852459375 0.6494252875 0.1413934421875 0.647509578125 0.16188524531249998 0.654214559375 0.1926229515625 0.6494252875 0.20901639374999997 0.65900383125 0.2356557375 0.6484674328125 0.258196721875 0.6513409968749999 0.272540984375 0.6302682 0.270491803125 0.5938697312500001 0.241803278125 0.5785440609375
138 0.8442622953125 0.5641762453125 0.8299180328125001 0.563218390625 0.813524590625 0.5804597703125001 0.79098360625 0.586206896875 0.756147540625 0.5651341000000001 0.7479508203125 0.5660919546875001 0.75 0.572796934375 0.729508196875 0.60201149375 0.70901639375 0.6159003828125 0.729508196875 0.6273946359375 0.7315573765625001 0.63984674375 0.7807377046874999 0.63984674375 0.7930327875 0.6455938703124999 0.8217213109375001 0.6455938703124999 0.8258196718749999 0.63984674375 0.8504098359375 0.637931034375 0.8586065578125 0.6245210734375 0.8729508203125 0.6245210734375 0.8770491796875 0.6082375484375 0.866803278125 0.605363984375 0.8709016390625001 0.6005747125 0.8627049187500001 0.5996168578125001 0.8504098359375 0.5842911875000001 0.8504098359375 0.5689655171875 0.8442622953125 0.5641762453125