54 0.6940000000000001 0.40768509843749995 0.688 0.40112464843750006 0.674 0.40206185625 0.654 0.4245548265625 0.624 0.42174320468750004 0.616 0.43017806875 0.6 0.4311152765625 0.6 0.453608246875 0.624 0.45548266093749995 0.634 0.44985941875 0.662 0.446110590625 0.666 0.43580131250000004 0.6799999999999999 0.43580131250000004 0.6980000000000001 0.44517338281249996 0.714 0.447047796875 0.742 0.43205248437500005 0.736 0.42174320468750004 0.6940000000000001 0.40768509843749995
54 0.67 0.38706654218750003 0.666 0.3908153703125 0.6900000000000001 0.3973758203125 0.714 0.3936269921875 0.712 0.38987816249999996 0.67 0.38706654218750003
54 0.738 0.38238050625 0.718 0.38800374843749996 0.732 0.40112464843750006 0.75 0.3983130265625 0.752 0.38519212812500003 0.738 0.38238050625
58 0.8460000000000001 0.171508903125 0.796 0.1668228671875 0.782 0.1724461109375 0.746 0.171508903125 0.734 0.205248359375 0.736 0.24367385156250002 0.784 0.2464854734375 0.8560000000000001 0.244611059375 0.858 0.198687909375 0.8460000000000001 0.171508903125
58 0.25 0.170571696875 0.22999999999999998 0.174320525 0.22200000000000003 0.167760075 0.20600000000000002 0.1668228671875 0.194 0.171508903125 0.154 0.171508903125 0.144 0.1996251171875 0.144 0.24367385156250002 0.264 0.244611059375 0.266 0.1968134953125 0.25 0.170571696875
42 0.516 0.0862230546875 0.506 0.07403936250000001 0.47400000000000003 0.0815370203125 0.466 0.0918462984375 0.422 0.0937207125 0.42000000000000004 0.15370196875 0.43200000000000005 0.18181818125 0.5700000000000001 0.1799437671875 0.564 0.167760075 0.576 0.15182755312500001 0.58 0.1002811625 0.572 0.0937207125 0.516 0.0862230546875
118 0.5740000000000001 0.6194939078125 0.54 0.620431115625 0.5 0.614807871875 0.46799999999999997 0.6194939078125 0.426 0.6194939078125 0.418 0.65135895 0.43 0.7066541703125 0.47800000000000004 0.7113402062499999 0.48200000000000004 0.715089034375 0.524 0.714151828125 0.53 0.7104029984375 0.572 0.707591378125 0.5820000000000001 0.6757263359375 0.5780000000000001 0.6223055296875 0.5740000000000001 0.6194939078125
138 0.252 0.5548266171875 0.154 0.55670103125 0.124 0.6016869734375 0.124 0.6091846296875 0.144 0.6298031859375001 0.23199999999999998 0.634489221875 0.262 0.626991565625 0.268 0.6223055296875 0.264 0.614807871875 0.284 0.5998125578125 0.258 0.5754451734375 0.26 0.56326148125 0.252 0.5548266171875
138 0.836 0.5548266171875 0.806 0.55670103125 0.772 0.5482661671875 0.746 0.5557638234375 0.744 0.5716963453125 0.714 0.6026241796875 0.736 0.6288659796875 0.79 0.63074039375 0.798 0.634489221875 0.8 0.6288659796875 0.818 0.6288659796875 0.8240000000000001 0.6335520156250001 0.8300000000000001 0.627928771875 0.852 0.627928771875 0.8560000000000001 0.6185567015625 0.874 0.6157450796874999 0.8779999999999999 0.59793814375 0.868 0.5951265234374999 0.8480000000000001 0.5576382375 0.836 0.5548266171875
145 0.5559999999999999 0.4283036546875 0.55 0.4311152765625 0.5559999999999999 0.446110590625 0.544 0.452671040625 0.5860000000000001 0.447047796875 0.5860000000000001 0.43861293281249997 0.5740000000000001 0.43017806875 0.5559999999999999 0.4283036546875
145 0.5900000000000001 0.41424554843749994 0.5860000000000001 0.4170571703125 0.592 0.43298969062500003 0.612 0.42924086250000004 0.614 0.41799437656249994 0.608 0.41518275468750004 0.5900000000000001 0.41424554843749994