23 0.932773109375 0.3307086609375 0.91176470625 0.3307086609375 0.8823529406249999 0.342519684375 0.8781512609375 0.3523622046875 0.890756303125 0.375 0.9180672265625001 0.3651574796875 0.9453781515624999 0.3651574796875 0.9390756296875 0.33464566875 0.932773109375 0.3307086609375
54 0.747899159375 0.382874015625 0.74579831875 0.3897637796875 0.771008403125 0.3937007875 0.771008403125 0.40452755937499996 0.752100840625 0.41830708593750004 0.7394957984375 0.41633858281249997 0.7373949578125 0.4192913390625 0.77310924375 0.4301181109375 0.813025209375 0.4301181109375 0.8067226890624999 0.4025590546875 0.8151260499999999 0.3937007875 0.8340336140625 0.3897637796875 0.8319327734374999 0.379921259375 0.747899159375 0.382874015625
12 0.9180672265625001 0.4478346453125 0.8781512609375 0.44980315 0.8571428578125 0.43996062968749994 0.8550420171875001 0.4291338578125 0.8487394953124999 0.42814960625 0.80042016875 0.43307086562499997 0.7815126046875001 0.43208661406250004 0.775210084375 0.4271653546875 0.7626050421875 0.43307086562499997 0.7626050421875 0.4379921265625 0.7794117640625 0.438976378125 0.7857142859375 0.4458661421875 0.7647058828125 0.47047244062500004 0.7857142859375 0.495078740625 0.8151260499999999 0.49409448749999996 0.842436975 0.5039370078125 0.8571428578125 0.4980314953125 0.8550420171875001 0.48228346406249994 0.9159663859375 0.46555118125000006 0.9264705875000001 0.45964566875 0.9264705875000001 0.45177165312499995 0.9180672265625001 0.4478346453125
8 0.8928571421875 0.5019685046875 0.8697478984375 0.5 0.8571428578125 0.5 0.83823529375 0.5068897640625 0.8319327734374999 0.520669290625 0.844537815625 0.5433070859375 0.8718487390625 0.54724409375 0.8991596640624999 0.5393700781249999 0.91176470625 0.5246062984375001 0.907563025 0.5098425203125 0.8928571421875 0.5019685046875
58 0.863445378125 0.1525590546875 0.842436975 0.1505905515625 0.8256302515625 0.1564960625 0.8046218484375001 0.1496062984375 0.7605042015625 0.151574803125 0.74579831875 0.19094488125 0.747899159375 0.22834645625 0.77310924375 0.236220471875 0.7857142859375 0.23129921250000002 0.8718487390625 0.2303149609375 0.8802521015625 0.2145669296875 0.8781512609375 0.186023621875 0.863445378125 0.1525590546875
58 0.2373949578125 0.151574803125 0.2205882359375 0.1535433078125 0.1890756296875 0.14763779531250001 0.13445378125000002 0.1535433078125 0.1239495796875 0.183070865625 0.1218487390625 0.2253937015625 0.15546218437499998 0.24015747968749998 0.2184873953125 0.23129921250000002 0.2415966390625 0.239173228125 0.24579831875 0.23129921250000002 0.2626050421875 0.2303149609375 0.2605042015625 0.19980314999999998 0.2373949578125 0.151574803125
42 0.54201680625 0.06988188906250001 0.52310924375 0.063976378125 0.5168067234375 0.0541338578125 0.4873949578125 0.0541338578125 0.472689075 0.0679133859375 0.41806722656249995 0.07086614218750001 0.413865546875 0.1269685046875 0.4264705875 0.14665354375 0.4264705875 0.1633858265625 0.43907562968749997 0.1663385828125 0.5840336140625 0.1633858265625 0.567226890625 0.1505905515625 0.5840336140625 0.12007874062499999 0.5840336140625 0.0757874015625 0.5756302515625 0.06988188906250001 0.54201680625 0.06988188906250001
119 0.5798319328125 0.6240157484375 0.5315126046875001 0.62204724375 0.502100840625 0.6151574796875 0.4873949578125 0.62204724375 0.4222689078125 0.6230314953125 0.41596638593749996 0.6594488187499999 0.428571428125 0.7145669296875 0.474789915625 0.7185039375 0.48109243749999997 0.7224409453125 0.527310925 0.7214566921875 0.5756302515625 0.7135826765625 0.5777310921875001 0.688976378125 0.586134453125 0.6791338578125 0.5840336140625 0.6358267718749999 0.5798319328125 0.6240157484375
138 0.8571428578125 0.5551181109375001 0.8214285718750001 0.561023621875 0.80042016875 0.5561023625 0.789915965625 0.55905511875 0.7584033609375 0.5570866140625 0.7352941171875 0.601377953125 0.724789915625 0.6072834640625 0.747899159375 0.6338582671874999 0.842436975 0.64074803125 0.8550420171875001 0.6348425203125 0.8718487390625 0.6358267718749999 0.8718487390625 0.6318897640625 0.8823529406249999 0.6309055125 0.8970588234375001 0.6151574796875 0.8970588234375001 0.5994094484375 0.8781512609375 0.592519684375 0.8823529406249999 0.5866141734375 0.8697478984375 0.5757874015625 0.8676470593750001 0.5600393703125001 0.8571428578125 0.5551181109375001
138 0.2184873953125 0.5561023625 0.1974789921875 0.5492125984375 0.182773109375 0.55905511875 0.15966386562499998 0.5551181109375001 0.136554621875 0.5570866140625 0.113445378125 0.601377953125 0.10294117656249999 0.6062992125 0.1281512609375 0.6338582671874999 0.1764705875 0.6338582671874999 0.1911764703125 0.6387795281249999 0.1953781515625 0.6338582671874999 0.2184873953125 0.6387795281249999 0.25 0.629921259375 0.2605042015625 0.617125984375 0.27310924375 0.6141732281250001 0.275210084375 0.6003937015624999 0.2436974796875 0.56594488125 0.2436974796875 0.558070865625 0.2184873953125 0.5561023625
132 0.9705882359375 0.5285433078125 0.955882353125 0.5354330703125 0.9348739500000001 0.5354330703125 0.9264705875000001 0.5285433078125 0.9180672265625001 0.5285433078125 0.905462184375 0.5354330703125 0.9537815125 0.55905511875 0.9726890750000001 0.576771653125 0.9810924375000001 0.5757874015625 0.9915966390625 0.558070865625 0.9936974796875001 0.5334645671875 0.9705882359375 0.5285433078125
114 0.7584033609375 0.4458661421875 0.6974789921875 0.4507874015625 0.6785714281249999 0.45866141718750003 0.6743697484375 0.47342519687499995 0.7121848734375 0.4773622046875 0.7310924375 0.4980314953125 0.7563025203125 0.5 0.7668067234375 0.47834645625 0.7584033609375 0.4665354328125 0.777310925 0.45866141718750003 0.775210084375 0.45177165312499995 0.7584033609375 0.4458661421875