7 0.473251028125 0.146435453125 0.450617284375 0.14739884375 0.450617284375 0.169556840625 0.4753086421875 0.1676300578125 0.47942386875 0.15317919062500002 0.473251028125 0.146435453125
54 0.681069959375 0.088631984375 0.6481481484375 0.08766859375 0.6090534984375 0.0963391140625 0.5987654328125 0.1290944125 0.6090534984375 0.14065510625 0.6625514406249999 0.1387283234375 0.6625514406249999 0.13391136875 0.6460905343750001 0.1262042390625 0.6460905343750001 0.11849710937499999 0.67078189375 0.11464354531250001 0.67078189375 0.10982658906250001 0.6934156375 0.09826589531249999 0.691358025 0.093448940625 0.681069959375 0.088631984375
7 0.6543209875 0.1156069359375 0.6460905343750001 0.11849710937499999 0.652263375 0.1387283234375 0.6748971187499999 0.1377649328125 0.6872427984375 0.1329479765625 0.6893004109375 0.13005780312499998 0.67283950625 0.1252408484375 0.67283950625 0.11753371875 0.6543209875 0.1156069359375
58 0.2469135796875 0.1618497109375 0.1975308640625 0.15799614687500002 0.18106995937499998 0.1618497109375 0.146090534375 0.1618497109375 0.13374485625000002 0.20038535624999998 0.13580246875 0.2369942203125 0.17283950625 0.247591521875 0.201646090625 0.24566474062500002 0.20781892968750001 0.23988439375 0.220164609375 0.23892100156249998 0.2469135796875 0.24470134843750002 0.2551440328125 0.23795761093749998 0.269547325 0.23795761093749998 0.2654320984375 0.199421965625 0.2469135796875 0.1618497109375
58 0.858024690625 0.1618497109375 0.8086419749999999 0.1628131015625 0.7942386828125 0.1589595375 0.7572016453125 0.1618497109375 0.7448559671874999 0.1917148359375 0.7448559671874999 0.2350674375 0.7530864203125 0.23795761093749998 0.8683127578125 0.2369942203125 0.8703703703125001 0.1917148359375 0.858024690625 0.1618497109375
42 0.526748971875 0.0780346828125 0.508230453125 0.0616570328125 0.47736625468750005 0.0684007703125 0.4519897125 0.0799614640625 0.4218107 0.081888246875 0.4176954734375 0.1310211953125 0.43415637812499996 0.17244701406250001 0.5761316875 0.17244701406250001 0.5679012343750001 0.15317919062500002 0.5802469140625 0.14065510625 0.5843621406249999 0.0867052015625 0.5699588484375 0.0799614640625 0.526748971875 0.0780346828125
145 0.3703703703125 0.6859344890625 0.3971193421875 0.710982659375 0.42592592656250006 0.7032755296875 0.4176954734375 0.6888246625 0.3703703703125 0.6859344890625
145 0.6193415640625 0.6917148359375 0.6111111109375 0.68689788125 0.59465020625 0.6888246625 0.586419753125 0.7032755296875 0.613168725 0.706165703125 0.6481481484375 0.6917148359375 0.6440329218749999 0.6888246625 0.6193415640625 0.6917148359375
138 0.8312757203125001 0.5549132953125 0.7551440328125001 0.5568400765625 0.75102880625 0.577071290625 0.7427983546875 0.5828516375 0.7448559671874999 0.6319845859375001 0.78806584375 0.63391136875 0.8065843625 0.6387283234375001 0.82510288125 0.6329479765625 0.8374485593750001 0.6396917140625 0.86419753125 0.6319845859375001 0.8765432093750001 0.616570328125 0.8868312749999999 0.618497109375 0.8909465015625001 0.600192678125 0.8600823046875 0.55780346875 0.8312757203125001 0.5549132953125
138 0.230452675 0.55780346875 0.22633744843749998 0.553949903125 0.183127571875 0.5616570328125 0.16872427968749998 0.5568400765625 0.146090534375 0.55780346875 0.1296296296875 0.6030828515625 0.1316872421875 0.6300578031249999 0.1378600828125 0.6329479765625 0.1954732515625 0.6387283234375001 0.20781892968750001 0.6348747593749999 0.22633744843749998 0.6387283234375001 0.2654320984375 0.6262042390625 0.28395061718750003 0.60115606875 0.25102880625 0.5664739890625 0.25102880625 0.558766859375 0.230452675 0.55780346875
118 0.5802469140625 0.6223506750000001 0.5041152265625 0.616570328125 0.47942386875 0.623314065625 0.42592592656250006 0.6213872828125 0.4218107 0.6628131015625 0.46296296249999996 0.669556840625 0.5514403296875 0.66377649375 0.5823045265625 0.6685934484375 0.5843621406249999 0.628131021875 0.5802469140625 0.6223506750000001