7 0.569105690625 0.46380952343750004 0.56504065 0.48666666718749996 0.5792682921875 0.487619046875 0.5955284546875 0.4819047625 0.5955284546875 0.46285714218749996 0.569105690625 0.46380952343750004
7 0.7134146343750001 0.37619047656250004 0.697154471875 0.37523809531249996 0.6626016265625 0.391428571875 0.7073170734375 0.39904761875 0.7195121953125 0.3933333328125 0.74186991875 0.392380953125 0.7378048781250001 0.3857142859375 0.7134146343750001 0.37619047656250004
7 0.7723577234375 0.3561904765625 0.7682926828125 0.372380953125 0.778455284375 0.38 0.7987804875 0.37523809531249996 0.7967479671875 0.3561904765625 0.7723577234375 0.3561904765625
25 0.7865853656249999 0.407619046875 0.75813008125 0.4066666671875 0.7337398375 0.41809523750000005 0.7276422765625 0.42571428593749994 0.7317073171875 0.44000000000000006 0.7195121953125 0.449523809375 0.705284553125 0.449523809375 0.705284553125 0.4542857140625 0.7113821140625001 0.45904761875 0.7398373984375 0.4571428578125 0.7520325203125 0.46285714218749996 0.7520325203125 0.4733333328125 0.74186991875 0.47904761875 0.778455284375 0.4857142859375 0.8211382109375001 0.467619046875 0.8292682921875001 0.4371428578125 0.8211382109375001 0.4171428578125 0.7865853656249999 0.407619046875
54 0.7926829265625 0.268571428125 0.7682926828125 0.2638095234375 0.75 0.2647619046875 0.7276422765625 0.29333333281249996 0.7337398375 0.308571428125 0.7439024390625 0.3142857140625 0.782520325 0.312380953125 0.7926829265625 0.3180952375 0.8048780484375 0.291428571875 0.81504065 0.288571428125 0.8130081296875 0.2780952375 0.7926829265625 0.268571428125
54 0.75 0.251428571875 0.75 0.26095238125 0.7723577234375 0.25904761875000004 0.7723577234375 0.252380953125 0.75 0.251428571875
58 0.20934959375 0.16476190468750002 0.1504065046875 0.167619046875 0.14024390312499999 0.2057142859375 0.14430894375 0.2419047625 0.2073170734375 0.2438095234375 0.2662601625 0.24 0.26829268281249996 0.1942857140625 0.2520325203125 0.1819047625 0.25609756093749997 0.170476190625 0.20934959375 0.16476190468750002
58 0.8556910562500001 0.167619046875 0.827235771875 0.167619046875 0.8191056906249999 0.1628571421875 0.80691056875 0.1628571421875 0.754065040625 0.167619046875 0.74186991875 0.20190476249999997 0.7439024390625 0.24095238125 0.8658536578125 0.2419047625 0.8678861781249999 0.1952380953125 0.8556910562500001 0.167619046875
42 0.520325203125 0.0847619046875 0.5101626015625 0.070476190625 0.495934959375 0.071428571875 0.4505426828125 0.0866666671875 0.4247967484375 0.08857142812499999 0.4207317078125 0.13999999999999999 0.4329268296875 0.16 0.4329268296875 0.1780952375 0.585365853125 0.17904761875 0.569105690625 0.167619046875 0.5833333328125 0.1380952375 0.585365853125 0.0933333328125 0.5772357718750001 0.08857142812499999 0.520325203125 0.0847619046875
89 0.528455284375 0.4980952375 0.5142276421875 0.4952380953125 0.4329268296875 0.507619046875 0.422764228125 0.512380953125 0.4288617890625 0.531428571875 0.422764228125 0.5447619046875001 0.4329268296875 0.549523809375 0.5304878046875 0.549523809375 0.5365853656249999 0.5447619046875001 0.5264227640625 0.532380953125 0.5264227640625 0.5171428578125 0.5345528453124999 0.5057142859375 0.528455284375 0.4980952375
132 0.922764228125 0.5380952375 0.9044715453125001 0.5438095234375 0.947154471875 0.590476190625 0.9756097562500001 0.5771428578125 0.9735772359375 0.5533333328125 0.922764228125 0.5380952375
114 0.75813008125 0.531428571875 0.7439024390625 0.531428571875 0.6869918703125 0.552380953125 0.6869918703125 0.5695238093749999 0.7093495937500001 0.5666666671875 0.721544715625 0.5742857140625001 0.7479674796875 0.5742857140625001 0.7967479671875 0.552380953125 0.7804878046875 0.5466666671875 0.7764227640625 0.54 0.75813008125 0.531428571875
138 0.8536585359375 0.5580952375 0.8313008125 0.55904761875 0.8048780484375 0.550476190625 0.754065040625 0.55904761875 0.754065040625 0.5733333328125 0.745934959375 0.5828571421875 0.7357723578125 0.5838095234375 0.74186991875 0.5933333328125 0.721544715625 0.6057142859375 0.721544715625 0.612380953125 0.7317073171875 0.6142857140625 0.7439024390625 0.632380953125 0.7865853656249999 0.632380953125 0.802845528125 0.6247619046875 0.8252032515625001 0.629523809375 0.835365853125 0.6380952375 0.843495934375 0.631428571875 0.8617886171875 0.630476190625 0.8617886171875 0.62 0.8861788625000001 0.6152380953125001 0.8882113828125 0.6 0.8800813015625 0.6 0.8577235765625 0.56095238125 0.8536585359375 0.5580952375
138 0.25 0.5580952375 0.152439025 0.5580952375 0.14024390312499999 0.5914285718750001 0.1382113828125 0.629523809375 0.14430894375 0.6333333328124999 0.17682926875 0.631428571875 0.2073170734375 0.6342857140625 0.2276422765625 0.628571428125 0.24186991875000002 0.6333333328124999 0.262195121875 0.630476190625 0.2601626015625 0.6219047625 0.24390243906250003 0.6133333328125 0.24593495937499998 0.6009523812500001 0.2662601625 0.5961904765625 0.25609756093749997 0.56095238125 0.25 0.5580952375
118 0.5792682921875 0.6228571421875 0.5467479671875 0.6228571421875 0.532520325 0.6257142859375 0.504065040625 0.6180952375000001 0.47967479687500003 0.6257142859375 0.463414634375 0.6219047625 0.4288617890625 0.6228571421875 0.422764228125 0.6571428578125 0.4329268296875 0.711428571875 0.528455284375 0.7171428578125 0.532520325 0.7133333328125 0.5772357718750001 0.710476190625 0.5873983734375 0.6771428578124999 0.5833333328125 0.6257142859375 0.5792682921875 0.6228571421875