7 0.13709677343749999 0.449056603125 0.151209678125 0.4481132078125 0.151209678125 0.455660378125 0.1633064515625 0.4594339625 0.179435484375 0.455660378125 0.179435484375 0.43773584843749996 0.16935483906249998 0.4330188671875 0.167338709375 0.4207547171875 0.14314516093750002 0.41981132031249996 0.1310483875 0.44339622656250005 0.13709677343749999 0.449056603125
7 0.3145161296875 0.441509434375 0.3104838703125 0.432075471875 0.29032258125 0.4283018875 0.28427419375 0.41603773593750004 0.26209677343750004 0.41603773593750004 0.25 0.4283018875 0.23588709687499998 0.432075471875 0.23387096718749997 0.44339622656250005 0.2540322578125 0.4386792453125 0.3145161296875 0.441509434375
25 0.27217741875 0.3716981125 0.2379032265625 0.3594339625 0.1875 0.35 0.13709677343749999 0.3650943390625 0.11088709687500001 0.3849056609375 0.1068548390625 0.40471698125 0.1189516125 0.41981132031249996 0.133064515625 0.4245283015625 0.1491935484375 0.41603773593750004 0.1915322578125 0.41698113281250004 0.2056451609375 0.4301886796875 0.22782258125000002 0.4301886796875 0.2318548390625 0.41839622656250003 0.264112903125 0.41037735781249995 0.27822580625 0.40094339687499997 0.2802419359375 0.3849056609375 0.27217741875 0.3716981125
54 0.17540322656250001 0.3424528296875 0.1854838703125 0.346226415625 0.1935483875 0.344339621875 0.2177419359375 0.3575471703125 0.23588709687499998 0.3575471703125 0.2459677421875 0.3396226421875 0.2600806453125 0.33773584843750004 0.25604838750000003 0.33301886718749996 0.2116935484375 0.332075471875 0.1975806453125 0.3283018875 0.17540322656250001 0.3301886796875 0.17540322656250001 0.3424528296875
58 0.264112903125 0.196226415625 0.2540322578125 0.168867925 0.2197580640625 0.16415094375 0.20161290312500002 0.16415094375 0.195564515625 0.168867925 0.15322580624999999 0.168867925 0.1411290328125 0.1971698109375 0.14314516093750002 0.2424528296875 0.264112903125 0.241509434375 0.264112903125 0.196226415625
58 0.7963709671875 0.24622641562499997 0.838709678125 0.24622641562499997 0.8608870968750001 0.2424528296875 0.8629032265625 0.1981132078125 0.8528225812500001 0.168867925 0.8004032265625 0.16415094375 0.770161290625 0.16981132031249999 0.7540322578125 0.167924528125 0.735887096875 0.19528301875 0.7379032265625 0.2424528296875 0.7963709671875 0.24622641562499997
42 0.4899193546875 0.07075471718750001 0.451612903125 0.0886792453125 0.429435484375 0.0896226421875 0.423387096875 0.09528301875 0.423387096875 0.1377358484375 0.4375 0.16981132031249999 0.43145161249999997 0.177358490625 0.570564515625 0.17924528281250002 0.582661290625 0.1518867921875 0.5806451609375001 0.0905660375 0.53427419375 0.0877358484375 0.5262096781250001 0.0849056609375 0.5241935484375 0.0745283015625 0.5020161296875 0.07075471718750001 0.4899193546875 0.07075471718750001
133 0.09072580625 0.6037735843750001 0.10282258124999999 0.61415094375 0.12096774218749999 0.6122641515625 0.1290322578125 0.5981132078125 0.139112903125 0.59528301875 0.133064515625 0.5792452828125 0.1129032265625 0.567924528125 0.10080645156250001 0.5688679249999999 0.088709678125 0.577358490625 0.07661290312499999 0.6018867921875 0.09072580625 0.6037735843750001
138 0.848790321875 0.55471698125 0.804435484375 0.5575471703125 0.7943548390624999 0.5481132078125001 0.75 0.5566037734375 0.7379032265625 0.582075471875 0.7338709671875 0.596226415625 0.758064515625 0.606132075 0.758064515625 0.6113207546874999 0.7399193546875 0.622641509375 0.7479838703125 0.6301886796875 0.764112903125 0.6301886796875 0.77217741875 0.6349056609375 0.7943548390624999 0.6301886796875 0.8024193546875 0.6349056609375 0.8629032265625 0.6283018874999999 0.8629032265625 0.5830188671875 0.848790321875 0.55471698125
133 0.871875 0.6046875 0.07109375 0.02109375
138 0.28427419375 0.6103773578125 0.28629032187500003 0.6037735843750001 0.27822580625 0.6 0.2540322578125 0.555660378125 0.20161290312500002 0.546226415625 0.1854838703125 0.5528301890625 0.1552419359375 0.55471698125 0.1491935484375 0.5603773578125 0.125 0.6150943390625 0.1310483875 0.62358490625 0.139112903125 0.62358490625 0.14717741875 0.6301886796875 0.167338709375 0.6301886796875 0.173387096875 0.63584905625 0.1935483875 0.6301886796875 0.20161290312500002 0.636792453125 0.23387096718749997 0.6301886796875 0.264112903125 0.6292452828124999 0.2661290328125 0.617924528125 0.28427419375 0.6103773578125
119 0.4193548390625 0.6754716984375 0.429435484375 0.7056603781249999 0.4677419359375 0.71415094375 0.5181451609375001 0.7150943390625 0.5725806453125 0.7075471703125 0.582661290625 0.655660378125 0.576612903125 0.6198113203125 0.52822580625 0.6198113203125 0.48790322656249996 0.613207546875 0.4274193546875 0.6198113203125 0.4213709671875 0.62641509375 0.4193548390625 0.6754716984375