7 0.424180328125 0.264367815625 0.41803278749999995 0.2528735625 0.40163934375 0.251915709375 0.368852459375 0.26819923437500004 0.3647540984375 0.2787356328125 0.395491803125 0.2720306515625 0.41598360625 0.2720306515625 0.4467213109375 0.2787356328125 0.4467213109375 0.271072796875 0.424180328125 0.264367815625
7 0.6905737703125 0.22509578593750001 0.66598360625 0.22509578593750001 0.6639344265625 0.23467432968750002 0.6495901640625 0.2423371640625 0.653688525 0.251915709375 0.6823770484375 0.24616858281249998 0.6885245906249999 0.2538314171875 0.6967213109375 0.2538314171875 0.702868853125 0.245210728125 0.6905737703125 0.23467432968750002 0.6926229515625 0.2279693484375 0.6905737703125 0.22509578593750001
54 0.73770491875 0.137931034375 0.729508196875 0.13984674375 0.7315573765625001 0.14846743281250002 0.7397540984375001 0.15038314218749999 0.7643442625 0.1494252875 0.7643442625 0.144636015625 0.73770491875 0.137931034375
54 0.7049180328125 0.13888888906250002 0.6885245906249999 0.14367816093750002 0.6782786890625 0.1618773953125 0.6823770484375 0.180076628125 0.69467213125 0.1858237546875 0.7459016390625 0.1743295015625 0.75 0.1676245203125 0.75 0.163793103125 0.721311475 0.15229885 0.7172131140625 0.14080459843749998 0.7049180328125 0.13888888906250002
58 0.846311475 0.1666666671875 0.8053278687500001 0.168582375 0.7991803281250001 0.163793103125 0.7889344265625 0.163793103125 0.75 0.170498084375 0.73770491875 0.2040229890625 0.741803278125 0.24329501874999998 0.8647540984375001 0.2423371640625 0.866803278125 0.20114942500000002 0.8565573765625001 0.18869731875 0.8545081968750001 0.170498084375 0.846311475 0.1666666671875
58 0.241803278125 0.1676245203125 0.2192622953125 0.168582375 0.20901639374999997 0.163793103125 0.1844262296875 0.168582375 0.1413934421875 0.1695402296875 0.131147540625 0.2068965515625 0.1352459015625 0.24329501874999998 0.22336065624999998 0.245210728125 0.258196721875 0.2423371640625 0.2602459015625 0.1982758625 0.2479508203125 0.1714559390625 0.241803278125 0.1676245203125
42 0.5184426234374999 0.08333333281250001 0.520491803125 0.07471264375 0.5102459015624999 0.0708812265625 0.4836065578125 0.0718390796875 0.47336065625 0.08620689687500001 0.41803278749999995 0.089080459375 0.41393442656249996 0.14080459843749998 0.42622950781249996 0.1599616859375 0.42622950781249996 0.1791187734375 0.5737704921875 0.1791187734375 0.5635245906249999 0.1647509578125 0.577868853125 0.13888888906250002 0.5799180328125 0.09386973125 0.5737704921875 0.0900383140625 0.5184426234374999 0.08333333281250001
145 0.2827868859375 0.6273946359375 0.2602459015625 0.6321839078125 0.2520491796875 0.6273946359375 0.25 0.6331417625 0.27663934375 0.6561302687499999 0.29713114687500003 0.644636015625 0.30737704843749997 0.644636015625 0.29713114687500003 0.6331417625 0.2827868859375 0.6273946359375
145 0.7069672125 0.62643678125 0.702868853125 0.637931034375 0.6926229515625 0.6408045984374999 0.7110655734375 0.6455938703124999 0.7172131140625 0.6532567046875 0.727459015625 0.63984674375 0.743852459375 0.6340996171875 0.721311475 0.6254789265625 0.7069672125 0.62643678125
138 0.8565573765625001 0.5737547890625 0.8504098359375 0.5603448281250001 0.7520491796875 0.5603448281250001 0.7459016390625 0.5795019156250001 0.7336065578125 0.59099616875 0.7459016390625 0.5938697312500001 0.7520491796875 0.6034482765625 0.7356557375 0.6082375484375 0.721311475 0.6044061296875001 0.7172131140625 0.6082375484375 0.729508196875 0.6168582375 0.7254098359375 0.6226053640625 0.7807377046874999 0.6388888890625 0.784836065625 0.644636015625 0.8709016390625001 0.6484674328125 0.8852459015624999 0.6130268203125 0.8770491796875 0.5900383140625001 0.8565573765625001 0.5737547890625
138 0.258196721875 0.586206896875 0.2479508203125 0.5622605359375 0.22336065624999998 0.556513409375 0.20286885312499997 0.563218390625 0.145491803125 0.56130268125 0.11065573749999999 0.6111111109375 0.1209016390625 0.618773946875 0.1209016390625 0.644636015625 0.1270491796875 0.647509578125 0.1434426234375 0.6436781609375 0.172131146875 0.6484674328125 0.1844262296875 0.644636015625 0.20901639374999997 0.6465517234375 0.241803278125 0.6417624515625 0.2520491796875 0.6273946359375 0.27663934375 0.62356321875 0.27663934375 0.5871647515625 0.258196721875 0.586206896875
118 0.5102459015624999 0.6226053640625 0.422131146875 0.6254789265625 0.41393442656249996 0.65900383125 0.4282786890625 0.7164750953125 0.479508196875 0.7212643671875 0.5184426234374999 0.7203065140625 0.5327868859375 0.715517240625 0.5368852453125 0.703065134375 0.5532786890625 0.693486590625 0.577868853125 0.6896551718749999 0.577868853125 0.628352490625 0.5102459015624999 0.6226053640625
132 0.59836065625 0.69157088125 0.547131146875 0.693486590625 0.54098360625 0.71072796875 0.5635245906249999 0.7327586203124999 0.616803278125 0.701149425 0.6147540984375001 0.6954022984375 0.59836065625 0.69157088125