7 0.294605809375 0.43190661406249997 0.2821576765625 0.45525291875 0.29045643125 0.46011673125 0.2966804984375 0.45233462968750004 0.3236514515625 0.46303501875 0.33402489687500003 0.45233462968750004 0.319502075 0.42996108906249997 0.294605809375 0.43190661406249997
7 0.7116182578125 0.40564202343750005 0.699170125 0.42217898906249995 0.7033195015625 0.43093385156249997 0.7427385890625 0.433852140625 0.74896265625 0.42996108906249997 0.7406639 0.40466926093750005 0.7116182578125 0.40564202343750005
7 0.684647303125 0.29669260625 0.6576763484375 0.29863813281249996 0.6493775937499999 0.29571984375000004 0.6286307046874999 0.30058365781249996 0.6265560171875 0.307392996875 0.6825726140625 0.30252918281249996 0.7053941906250001 0.311284046875 0.7053941906250001 0.30350194531249997 0.684647303125 0.29669260625
7 0.8029045640625 0.26945525312499996 0.7987551875000001 0.25972762656250004 0.7863070546875 0.25778210156250003 0.7406639 0.27529182812499997 0.7406639 0.2791828796875 0.76970954375 0.2801556421875 0.7863070546875 0.2859922171875 0.8278008296875001 0.2791828796875 0.8236514515625 0.27237354062499997 0.8029045640625 0.26945525312499996
54 0.7572614109375 0.2217898828125 0.7323651453125 0.2227626453125 0.7116182578125 0.25389105 0.715767634375 0.25778210156250003 0.7406639 0.26361867656250004 0.755186721875 0.26167315156250004 0.765560165625 0.25875486406250003 0.765560165625 0.2509727625 0.784232365625 0.2509727625 0.8029045640625 0.2451361875 0.7987551875000001 0.2354085609375 0.7572614109375 0.2217898828125
58 0.2427385890625 0.171206225 0.19294605781250002 0.16731517499999998 0.1825726140625 0.171206225 0.13900415 0.171206225 0.12863070468749999 0.20330739375 0.13070539375 0.2470817125 0.165975103125 0.25778210156250003 0.1825726140625 0.25778210156250003 0.215767634375 0.2490272375 0.2427385890625 0.2548638125 0.265560165625 0.2470817125 0.26141078906250004 0.21108949375 0.2427385890625 0.171206225
58 0.8589211625000001 0.171206225 0.834024896875 0.1731517515625 0.8236514515625 0.16731517499999998 0.7946058093749999 0.16536964999999998 0.755186721875 0.171206225 0.744813278125 0.20428015624999998 0.7614107890625 0.2169260703125 0.765560165625 0.2354085609375 0.775933609375 0.2412451359375 0.79045643125 0.2412451359375 0.7946058093749999 0.2548638125 0.8174273859375001 0.248054475 0.8713692953125 0.24610895 0.8713692953125 0.19941634218749998 0.8589211625000001 0.171206225
42 0.5394190875 0.0894941640625 0.5269709546875 0.0856031125 0.5228215765625001 0.0758754859375 0.49170124531250003 0.07198443593750001 0.4792531125 0.08463035 0.46265560156249996 0.0885214 0.421161825 0.0894941640625 0.414937759375 0.141050584375 0.42946058125000003 0.1819066140625 0.5726141078125 0.1799610890625 0.5663900421875 0.16731517499999998 0.578838175 0.149805446875 0.5829875515625 0.0953307390625 0.5726141078125 0.0894941640625 0.5394190875 0.0894941640625
25 0.883817428125 0.39396887187499996 0.8526970953124999 0.391050584375 0.834024896875 0.38229572031250003 0.8278008296875001 0.3900778203125 0.7946058093749999 0.38715953281250004 0.765560165625 0.39396887187499996 0.744813278125 0.4124513625 0.7531120328124999 0.42607003906249996 0.7468879671875001 0.441634240625 0.7738589218749999 0.45525291875 0.81120331875 0.45330739375 0.8319502078125 0.46206225625 0.8589211625000001 0.46011673125 0.9024896265625 0.439688715625 0.9128630703124999 0.42704280156249996 0.9107883812500001 0.40856031093749995 0.883817428125 0.39396887187499996
132 0.9792531125 0.563229571875 0.9668049796875 0.561284046875 0.9585062234375 0.564202334375 0.943983403125 0.5856031125000001 0.946058090625 0.5982490265625 0.9668049796875 0.5904669265625 1 0.5972762640625 0.9979253109374999 0.5739299609375 0.9792531125 0.563229571875
114 0.715767634375 0.5807393000000001 0.6576763484375 0.6011673156249999 0.6473029046875001 0.6070038906249999 0.6473029046875001 0.6157587546875 0.6514522828125 0.62159533125 0.6721991703125 0.6186770421875 0.7012448124999999 0.62548638125 0.7199170125000001 0.62548638125 0.724066390625 0.6177042796875 0.7717842328125 0.6147859921875 0.775933609375 0.6079766531249999 0.76970954375 0.6040856031249999 0.715767634375 0.5807393000000001
138 0.82987551875 0.5690661484375 0.7821576765625 0.559338521875 0.7572614109375 0.567120621875 0.755186721875 0.6138132296875 0.7261410781250001 0.6167315171875 0.7219917015624999 0.62354085625 0.7261410781250001 0.62937743125 0.734439834375 0.62937743125 0.744813278125 0.6468871593750001 0.8091286312499999 0.6527237359375 0.82987551875 0.6498054468750001 0.8381742734375001 0.6536964984375 0.8485477171875001 0.6468871593750001 0.8672199171875 0.6468871593750001 0.8817427390624999 0.6400778203125 0.8921161828124999 0.6138132296875 0.8609958499999999 0.5710116734375 0.82987551875 0.5690661484375
138 0.2427385890625 0.5700389109375 0.1431535265625 0.5710116734375 0.10995850625 0.62451361875 0.1265560171875 0.6342412453125 0.12863070468749999 0.6449416343750001 0.19294605781250002 0.6527237359375 0.1970954359375 0.6488326843750001 0.21161825781250002 0.6478599218750001 0.2219917015625 0.6517509734375 0.226141078125 0.6478599218750001 0.2468879671875 0.6468871593750001 0.255186721875 0.6371595328125 0.2385892109375 0.62840466875 0.23651452343749998 0.6186770421875 0.2572614109375 0.6108949421875 0.255186721875 0.5963035015625 0.2427385890625 0.5700389109375
118 0.5767634859374999 0.6361867703125 0.5497925312499999 0.6352140078125 0.52904564375 0.6391050578125 0.4979253109375 0.62937743125 0.485477178125 0.6332684828125 0.4232365140625 0.6361867703125 0.4170124484375 0.6712062249999999 0.4273858921875 0.7266536968749999 0.514522821875 0.7334630343749999 0.5746887968750001 0.7276264593749999 0.585062240625 0.6945525296875 0.5829875515625 0.6429961093750001 0.5767634859374999 0.6361867703125