25 0.6255230125 0.419765165625 0.525104603125 0.4324853234375 0.5083682015625001 0.44129158437499993 0.5125523015625 0.4559686890625 0.5 0.46966731875 0.466527196875 0.47064579218749997 0.45815899531250004 0.47847358125 0.46025104531250005 0.4911937375 0.47489539687500004 0.4970645796875 0.5188284515625 0.4941291578125 0.5439330546875001 0.49021526406250004 0.55857740625 0.4814090015625 0.5732217578125 0.47945205468749996 0.5836820078125 0.482387475 0.596234309375 0.5009784734375 0.6171548109375 0.50391389375 0.6297071125 0.5009784734375 0.6464435140625 0.49315068437500004 0.654811715625 0.430528375 0.6255230125 0.419765165625
7 0.8158995812500001 0.394324853125 0.8033472796875 0.40998043125 0.8138075312499999 0.4275929546875 0.8410041843749999 0.43150685 0.8493723843750001 0.42270058749999995 0.838912134375 0.39726027343750003 0.8158995812500001 0.394324853125
7 0.7301255234374999 0.39334637968749997 0.725941421875 0.4129158515625 0.7364016734375001 0.41780821875 0.744769875 0.41780821875 0.755230125 0.40802348281249995 0.755230125 0.39334637968749997 0.7301255234374999 0.39334637968749997
7 0.7175732218750001 0.34931506875 0.7133891218749999 0.3532289625 0.7133891218749999 0.36790606718749996 0.7301255234374999 0.3737769078125 0.742677825 0.36790606718749996 0.7405857734375 0.34931506875 0.7175732218750001 0.34931506875
7 0.8765690375 0.36692759218750004 0.8744769874999999 0.390410959375 0.8974895390625001 0.3884540125 0.905857740625 0.37964775 0.903765690625 0.36692759218750004 0.8765690375 0.36692759218750004
54 0.7949790796875 0.360078278125 0.788702928125 0.381604696875 0.8263598328124999 0.37769080312500003 0.8263598328124999 0.3610567515625 0.7949790796875 0.360078278125
54 0.8765690375 0.1369863015625 0.8472803343749999 0.1369863015625 0.8326359828125 0.13209393281249998 0.81799163125 0.1369863015625 0.774058578125 0.1369863015625 0.7615062765625 0.17221135 0.7635983265624999 0.2123287671875 0.8138075312499999 0.2152641875 0.8891213390624999 0.213307240625 0.8912133890625 0.1653620359375 0.8765690375 0.1369863015625
58 0.8723849375 0.136007828125 0.8535564859375 0.13992172187500002 0.843096234375 0.13209393281249998 0.774058578125 0.1369863015625 0.7615062765625 0.1731898234375 0.7656903765624999 0.213307240625 0.8912133890625 0.2123287671875 0.8933054390624999 0.1712328765625 0.8807531375 0.1409001953125 0.8723849375 0.136007828125
58 0.257322175 0.1369863015625 0.2092050203125 0.1350293546875 0.152719665625 0.1369863015625 0.1443514640625 0.1643835609375 0.1464435140625 0.213307240625 0.21129707187500002 0.2152641875 0.27196652656250003 0.2123287671875 0.274058578125 0.1643835609375 0.2594142265625 0.15264187812500002 0.2615062765625 0.13992172187500002 0.257322175 0.1369863015625
42 0.5397489546875 0.050880626562499996 0.533472803125 0.0371819953125 0.5230125515624999 0.0352250484375 0.49790795 0.0381604703125 0.49372385 0.045009784375 0.47071129687499996 0.053816046875 0.43514644375 0.05577299375 0.43096234375 0.10861056718749999 0.44351464375000005 0.1477495109375 0.592050209375 0.1477495109375 0.5836820078125 0.1281800390625 0.596234309375 0.11643835625000001 0.600418409375 0.0606653625 0.592050209375 0.05577299375 0.5397489546875 0.050880626562499996
132 1 0.5267915375000001 0.972803346875 0.5273972609375 0.962343096875 0.5313111546875 0.962343096875 0.53913894375 0.9958159 0.5743639921875 1 0.574037834375 1 0.5267915375000001
138 0.251046025 0.5381604703125 0.154811715625 0.5401174171875 0.1234309625 0.5919765171875 0.13389121406249999 0.5939334640625 0.1464435140625 0.6154598828125 0.19246861875000001 0.6154598828125 0.2071129703125 0.6193737765625 0.22803347343749997 0.614481409375 0.2364016734375 0.62035225 0.2405857734375 0.6135029359375 0.2656903765625 0.6125244624999999 0.251046025 0.596868884375 0.26987447656249997 0.5772994125 0.2615062765625 0.5420743640625 0.251046025 0.5381604703125
138 0.8849372390625 0.557729940625 0.8786610874999999 0.5371819953125 0.8472803343749999 0.536203521875 0.838912134375 0.53913894375 0.8075313812499999 0.5332681015625 0.7698744765625001 0.5352250484375001 0.7489539749999999 0.5870841484375 0.742677825 0.588062621875 0.742677825 0.592954990625 0.7531380750000001 0.5939334640625 0.7615062765625 0.6125244624999999 0.7698744765625001 0.6154598828125 0.8138075312499999 0.6154598828125 0.8242677828125 0.609589040625 0.851464434375 0.609589040625 0.8556485359374999 0.6193737765625 0.8891213390624999 0.6125244624999999 0.8870292890625 0.6037182 0.8765690375 0.5998043046875 0.8765690375 0.5821917812499999 0.9016736406250001 0.580234834375 0.8974895390625001 0.56849315 0.8849372390625 0.557729940625
118 0.592050209375 0.6046966734375 0.55648535625 0.6066536203124999 0.537656903125 0.6007827781249999 0.5062761499999999 0.5998043046875 0.43933054374999997 0.6046966734375 0.43305439375 0.639921721875 0.44351464375000005 0.695694715625 0.49372385 0.6996086109374999 0.5230125515624999 0.6976516640625 0.5418410046875 0.7015655578125 0.5460251046875 0.6976516640625 0.592050209375 0.6947162421875 0.592050209375 0.674168296875 0.6025104609375 0.65949119375 0.600418409375 0.618395303125 0.592050209375 0.6046966734375
114 0.8221757328124999 0.41193737812500003 0.7991631796875 0.394324853125 0.7719665265625 0.39334637968749997 0.7510460250000001 0.40998043125 0.7280334734375 0.40900195625 0.715481171875 0.41780821875 0.711297071875 0.430528375 0.7301255234374999 0.430528375 0.755230125 0.43835616406250005 0.7594142265625 0.44716242656249994 0.778242678125 0.44911937343749997 0.8263598328124999 0.430528375 0.845188284375 0.430528375 0.8410041843749999 0.4148727984375 0.8221757328124999 0.41193737812500003