25 0.8284518828125 0.4540117421875 0.7928870296875 0.44716242656249994 0.7384937234375 0.44911937343749997 0.7092050203125 0.47651663437499997 0.7133891218749999 0.4911937375 0.742677825 0.49021526406250004 0.776150628125 0.523483365625 0.851464434375 0.5205479453125 0.8661087859375 0.49902152656250004 0.8640167359375001 0.4863013703125 0.8284518828125 0.4540117421875
54 0.6087866109375 0.40508806249999996 0.600418409375 0.399217221875 0.589958159375 0.4021526421875 0.589958159375 0.40998043125 0.6046025109375 0.42270058749999995 0.594142259375 0.44911937343749997 0.6297071125 0.47064579218749997 0.663179915625 0.463796478125 0.6673640171875 0.45303326874999994 0.656903765625 0.44422700624999995 0.6652719671875 0.41780821875 0.68410041875 0.4148727984375 0.68410041875 0.4021526421875 0.6087866109375 0.40508806249999996
7 0.5188284515625 0.42954990156250006 0.5146443515625 0.446183953125 0.5230125515624999 0.450097846875 0.5439330546875001 0.446183953125 0.5439330546875001 0.42661448125 0.5188284515625 0.42954990156250006
7 0.5125523015625 0.40508806249999996 0.5062761499999999 0.4217221140625 0.5125523015625 0.42661448125 0.5418410046875 0.424657534375 0.5397489546875 0.4041095890625 0.5125523015625 0.40508806249999996
58 0.2615062765625 0.1947162421875 0.2594142265625 0.1800391390625 0.24476987499999997 0.182974559375 0.21966527187499998 0.1761252453125 0.19874477031249999 0.1800391390625 0.154811715625 0.179060665625 0.1422594140625 0.218199609375 0.1443514640625 0.25440313125 0.16527196718749998 0.258317025 0.27196652656250003 0.25440313125 0.274058578125 0.20841487343749998 0.2615062765625 0.1947162421875
58 0.8786610874999999 0.179060665625 0.8242677828125 0.174168296875 0.778242678125 0.17808219218750002 0.7615062765625 0.2103718203125 0.7635983265624999 0.25440313125 0.7866108781250001 0.265166340625 0.8744769874999999 0.260273971875 0.8933054390624999 0.25440313125 0.8953974890625 0.2152641875 0.8786610874999999 0.179060665625
42 0.5418410046875 0.09001956875 0.5271966531250001 0.07632093906250001 0.5167364015625 0.0743639921875 0.4895397484375 0.08219178125 0.47907949843750003 0.0949119375 0.43514644375 0.09882583125 0.43305439375 0.1624266140625 0.4518828453125 0.191780821875 0.5857740578125 0.18884540156250001 0.5836820078125 0.170254403125 0.596234309375 0.15949119375 0.6025104609375 0.10371820000000001 0.589958159375 0.0958904109375 0.5418410046875 0.09001956875
133 0.93933054375 0.5900195687500001 0.8849372390625 0.5919765171875 0.8870292890625 0.6037182 0.9121338906249999 0.623287671875 0.9163179921875001 0.639921721875 0.9456066953125 0.6340508812500001 0.9644351468749999 0.6154598828125 0.9602510453124999 0.6017612531250001 0.93933054375 0.5900195687500001
114 0.3849372390625 0.41682974531249994 0.37447698749999997 0.41682974531249994 0.32635983281250003 0.43835616406250005 0.3326359828125 0.44716242656249994 0.36610878593749996 0.4540117421875 0.3723849375 0.4618395296875 0.3682008375 0.4755381609375 0.3828451890625 0.480430528125 0.412133890625 0.4726027390625 0.412133890625 0.446183953125 0.3849372390625 0.41682974531249994
89 0.6234309625 0.5596868890625 0.5543933046875 0.5704500984374999 0.5460251046875 0.575342465625 0.5523012546875 0.5870841484375 0.5439330546875001 0.6037182 0.5502092046875 0.6105675140625 0.55648535625 0.6135029359375 0.654811715625 0.614481409375 0.658995815625 0.5743639921875 0.6234309625 0.5596868890625
138 0.215481171875 0.5724070453125 0.19874477031249999 0.580234834375 0.17154811718750002 0.5782778859375 0.154811715625 0.5812133078125 0.1234309625 0.636007828125 0.1380753140625 0.6438356171875 0.1443514640625 0.657534246875 0.1694560671875 0.65949119375 0.1778242671875 0.6673189828125 0.18619246875 0.66829745625 0.1966527203125 0.661448140625 0.2364016734375 0.6653620359375 0.246861925 0.6585127203125001 0.2677824265625 0.6604696671875 0.26987447656249997 0.6643835609375001 0.282426778125 0.661448140625 0.2949790796875 0.6223091968750001 0.26359832656250004 0.592954990625 0.26359832656250004 0.5831702546875001 0.215481171875 0.5724070453125
138 0.8744769874999999 0.596868884375 0.8744769874999999 0.586105675 0.851464434375 0.57338551875 0.80962343125 0.5714285718750001 0.776150628125 0.580234834375 0.7615062765625 0.6242661453125 0.742677825 0.631115459375 0.7635983265624999 0.6565557734375 0.81799163125 0.6585127203125001 0.8284518828125 0.6634050874999999 0.8347280328125001 0.6585127203125001 0.845188284375 0.6585127203125001 0.851464434375 0.6643835609375001 0.8661087859375 0.6565557734375 0.8870292890625 0.6555773 0.8912133890625 0.6457925640625 0.8744769874999999 0.639921721875 0.8723849375 0.6320939328125 0.8891213390624999 0.6213307234375 0.8891213390624999 0.6125244624999999 0.8744769874999999 0.596868884375
119 0.596234309375 0.6467710375 0.525104603125 0.6389432484374999 0.5125523015625 0.6438356171875 0.44142259375000004 0.6457925640625 0.43305439375 0.6839530328125 0.44142259375000004 0.7338551859375 0.4497907953125 0.739726028125 0.5062761499999999 0.7446183953125 0.5418410046875 0.7446183953125 0.55857740625 0.7407045015625 0.5836820078125 0.7426614484375 0.594142259375 0.7338551859375 0.6046025109375 0.6937377687499999 0.600418409375 0.6516634046875 0.596234309375 0.6467710375