58 0.1224066390625 0.20392156875 0.12863070468749999 0.2107843140625 0.234439834375 0.213725490625 0.2531120328125 0.209803921875 0.255186721875 0.1666666671875 0.24066390000000001 0.1313725484375 0.2219917015625 0.134313725 0.184647303125 0.12058823593750001 0.1369294609375 0.1352941171875 0.134854771875 0.151960784375 0.12448132812499998 0.159803921875 0.1224066390625 0.20392156875
58 0.7468879671875001 0.2107843140625 0.854771784375 0.213725490625 0.8713692953125 0.209803921875 0.8734439828125 0.165686275 0.8589211625000001 0.132352940625 0.8070539421875 0.13333333281249998 0.79045643125 0.1264705875 0.7572614109375 0.1352941171875 0.7427385890625 0.159803921875 0.7406639 0.20490196093750002 0.7468879671875001 0.2107843140625
42 0.5186721984375 0.036274509375 0.5082987546875 0.034313725 0.4792531125 0.036274509375 0.47510373437500003 0.04607843125 0.46265560156249996 0.05 0.42946058125000003 0.05 0.41908713750000004 0.05588235312499999 0.4170124484375 0.10392156875 0.4315352703125 0.1294117640625 0.4273858921875 0.14215686249999998 0.4522821578125 0.1470588234375 0.5705394187499999 0.144117646875 0.5726141078125 0.1264705875 0.585062240625 0.11176470624999998 0.5809128625 0.051960784375 0.5684647296875001 0.0490196078125 0.535269709375 0.0509803921875 0.5207468875 0.04607843125 0.5186721984375 0.036274509375
54 0.4866535265625 0.242289215625 0.4866535265625 0.2438294125 0.494145228125 0.24552450937499998 0.5000062234375 0.2495303921875 0.5032634859375 0.2529196078125 0.5065207468749999 0.2498382359375 0.5052178421875 0.2429049015625 0.5254107890624999 0.242289215625 0.5387634859375 0.235818628125 0.554396265625 0.23335392187499998 0.5537448125 0.22888529375000002 0.5459294609375 0.2285774515625 0.531599584375 0.23058039218749998 0.512058090625 0.2315049015625 0.5022863078124999 0.23119705937499999 0.4980539421875 0.22888529375000002 0.49707676406249995 0.215174509375 0.488607884375 0.2127088234375 0.46483195000000005 0.21178431406249998 0.449524896875 0.21440392187500001 0.4449647296875 0.2170225484375 0.44561618281250004 0.22950196093750003 0.436497925 0.23381568593750002 0.4312863078125 0.23920784374999998 0.42998340312499994 0.2439833328125 0.4332406640625 0.24752745156249997 0.41362448125 0.24914215624999997 0.41337344375 0.25553823593749997 0.4296576765625 0.25369019531250003 0.43389211562499996 0.25677058750000004 0.43975518750000003 0.2563088234375 0.4423609953125 0.2503 0.45343360937500005 0.24552450937499998 0.4599481328125 0.2441382359375 0.46320331875000004 0.239824509375 0.469066390625 0.2373588234375 0.47720954375 0.23782156875 0.4866535265625 0.239824509375 0.4866535265625 0.242289215625
141 0.2012448125 0.3049019609375 0.244813278125 0.309803921875 0.2531120328125 0.2852941171875 0.27800829843749997 0.27647058750000003 0.27800829843749997 0.24705882343750002 0.2634854765625 0.2627450984375 0.23029045625000003 0.2529411765625 0.215767634375 0.2529411765625 0.1825726140625 0.267647059375 0.180497925 0.294117646875 0.2012448125 0.3049019609375
92 0.1369294609375 0.41176470624999995 0.145228215625 0.3970588234375 0.13070539375 0.3754901953125 0.09751037343749999 0.37254902031250003 0.0933609953125 0.3764705875 0.095435684375 0.39117647031249997 0.0829875515625 0.4166666671875 0.1120331953125 0.40980392187500003 0.1369294609375 0.41176470624999995
134 0.1618257265625 0.3235294125 0.1431535265625 0.3274509796875 0.114107884375 0.3264705875 0.0933609953125 0.334313725 0.10373443906249999 0.35392156875 0.13070539375 0.35882352968750003 0.14937759374999998 0.367647059375 0.174273859375 0.36960784375 0.180497925 0.3754901953125 0.19294605781250002 0.37254902031250003 0.205394190625 0.35 0.23029045625000003 0.340196078125 0.22821576718749997 0.3294117640625 0.20954356875000002 0.3254901953125 0.19294605781250002 0.328431371875 0.1618257265625 0.3235294125
81 0.2925311203125 0.4147058828125 0.31120331874999996 0.40098039218750003 0.3029045640625 0.38039215625 0.2676348546875 0.3686274515625 0.25103734375000003 0.3764705875 0.2427385890625 0.38823529375 0.2468879671875 0.398039215625 0.265560165625 0.40980392187500003 0.2925311203125 0.4147058828125
138 0.19502074687499998 0.528431371875 0.13900415 0.536274509375 0.12448132812499998 0.5509803921875001 0.10373443906249999 0.5813725484375001 0.10580912812500001 0.59607843125 0.12448132812499998 0.6107843140625 0.1535269703125 0.6147058828125 0.1618257265625 0.61960784375 0.1721991703125 0.6147058828125 0.19087136875 0.61960784375 0.2074688796875 0.613725490625 0.2531120328125 0.613725490625 0.27800829843749997 0.58823529375 0.2427385890625 0.536274509375 0.19502074687499998 0.528431371875
138 0.8464730296875 0.6176470593750001 0.8713692953125 0.613725490625 0.8921161828124999 0.5852941171875 0.8817427390624999 0.5813725484375001 0.865145228125 0.5578431375 0.8609958499999999 0.5372549015625 0.8132780078125 0.53039215625 0.81120331875 0.5333333328125 0.755186721875 0.53823529375 0.7531120328124999 0.55 0.7219917015624999 0.5813725484375001 0.724066390625 0.5970588234374999 0.7406639 0.6029411765625 0.74896265625 0.6147058828125 0.7717842328125 0.6147058828125 0.7800829874999999 0.6205882359375 0.800829875 0.6166666671875001 0.81120331875 0.621568628125 0.825726140625 0.613725490625 0.8381742734375001 0.6127450984375 0.8464730296875 0.6176470593750001
119 0.46058091250000005 0.6068627453125 0.4522821578125 0.6029411765625 0.4232365140625 0.6039215687499999 0.4170124484375 0.61176470625 0.414937759375 0.663725490625 0.425311203125 0.6950980390625 0.47510373437500003 0.701960784375 0.5186721984375 0.701960784375 0.52904564375 0.6970588234374999 0.5705394187499999 0.6950980390625 0.5829875515625 0.6509803921875 0.5767634859374999 0.6039215687499999 0.5373443984375 0.6029411765625 0.5207468875 0.6068627453125 0.4834024890625 0.598039215625 0.46058091250000005 0.6068627453125
84 0.825726140625 0.2578431375 0.79045643125 0.267647059375 0.7863070546875 0.271568628125 0.7987551875000001 0.29607843125 0.79045643125 0.3107843140625 0.8049792531250001 0.321568628125 0.7987551875000001 0.3411764703125 0.8278008296875001 0.33823529375 0.8319502078125 0.3421568625 0.8609958499999999 0.30882352968750004 0.854771784375 0.2970588234375 0.8609958499999999 0.271568628125 0.8423236515625 0.2607843140625 0.825726140625 0.2578431375