54 0.23651452343749998 0.1605058359375 0.23651452343749998 0.1702334625 0.2531120328125 0.184824903125 0.24896265624999997 0.20622568125 0.25933609999999996 0.1955252921875 0.2863070546875 0.2023346296875 0.3029045640625 0.19941634218749998 0.31120331874999996 0.17898832656250002 0.2925311203125 0.1546692609375 0.26970954375 0.1527237359375 0.26141078906250004 0.1575875484375 0.244813278125 0.1556420234375 0.23651452343749998 0.1605058359375
58 0.19502074687499998 0.226653696875 0.244813278125 0.2237354078125 0.244813278125 0.185797665625 0.23029045625000003 0.14785992187500002 0.165975103125 0.14494163437500002 0.1473029046875 0.1517509734375 0.1410788375 0.14785992187500002 0.13070539375 0.148832684375 0.1182572609375 0.17801556406250002 0.12033195000000001 0.224708171875 0.19502074687499998 0.226653696875
58 0.7323651453125 0.2237354078125 0.7717842328125 0.226653696875 0.8568464734375001 0.224708171875 0.8609958499999999 0.20136186718750002 0.85062240625 0.149805446875 0.784232365625 0.14494163437500002 0.76970954375 0.1527237359375 0.7572614109375 0.14785992187500002 0.7427385890625 0.1517509734375 0.73029045625 0.17801556406250002 0.7323651453125 0.2237354078125
42 0.4585062234375 0.064202334375 0.41908713750000004 0.06614785937499999 0.4066390046875 0.07198443593750001 0.40871369218750003 0.1167315171875 0.4232365140625 0.14494163437500002 0.4170124484375 0.1556420234375 0.4066390046875 0.1595330734375 0.5622406640625 0.1595330734375 0.5726141078125 0.1303501953125 0.5705394187499999 0.0680933859375 0.51037344375 0.060311284374999996 0.4979253109375 0.04571984375 0.46473029062500004 0.0515564203125 0.4585062234375 0.064202334375
25 0.21784232343749999 0.32587548593750004 0.1970954359375 0.32587548593750004 0.18672199218750002 0.33073929999999996 0.15560165937499998 0.3278210109375 0.12448132812499998 0.33171206249999996 0.0933609953125 0.35019455312500003 0.095435684375 0.37743190625 0.1224066390625 0.39202334687499996 0.15560165937499998 0.38132295781250003 0.18672199218750002 0.38618677031250004 0.184647303125 0.39883268437499997 0.205394190625 0.39883268437499997 0.215767634375 0.39494163437499996 0.215767634375 0.38813229531250004 0.25103734375000003 0.38326848281250003 0.2676348546875 0.37256809375 0.2634854765625 0.3414396890625 0.21784232343749999 0.32587548593750004
7 0.2676348546875 0.310311284375 0.273858921875 0.313229571875 0.2883817421875 0.30350194531249997 0.3029045640625 0.30447470781249997 0.30912863125 0.311284046875 0.315352696875 0.29961089531249996 0.3029045640625 0.2830739296875 0.275933609375 0.2811284046875 0.273858921875 0.2840466921875 0.2634854765625 0.30155642031249996 0.2676348546875 0.310311284375
7 0.663900415625 0.32684824843750004 0.63900415 0.31906614843750003 0.63900415 0.310311284375 0.62033195 0.307392996875 0.5871369296875 0.32587548593750004 0.5829875515625 0.33560311249999997 0.6037344390625 0.33171206249999996 0.6680497921875 0.33463034999999997 0.663900415625 0.32684824843750004
114 0.20954356875000002 0.6196498046875 0.2136929453125 0.6313229578125 0.24896265624999997 0.62840466875 0.2468879671875 0.6536964984375 0.2925311203125 0.6507782093750001 0.3070539421875 0.6439688718750001 0.304979253125 0.6381322953125 0.344398340625 0.6361867703125 0.344398340625 0.62159533125 0.27800829843749997 0.5963035015625 0.25933609999999996 0.6060311281249999 0.226141078125 0.6118677046875 0.20954356875000002 0.6196498046875
138 0.2427385890625 0.5719844359375 0.23029045625000003 0.5476653703125 0.19087136875 0.5408560312499999 0.1825726140625 0.5476653703125 0.1327800828125 0.5466926062499999 0.1182572609375 0.5729571984375 0.116182571875 0.5885214000000001 0.13900415 0.5943579765625 0.1224066390625 0.6177042796875 0.1514522828125 0.62937743125 0.1597510375 0.62645914375 0.184647303125 0.62937743125 0.2199170125 0.6138132296875 0.2385892109375 0.6108949421875 0.2427385890625 0.6050583656249999 0.265560165625 0.6021400781249999 0.2634854765625 0.5768482484375 0.2427385890625 0.5719844359375
138 0.815352696875 0.5457198437499999 0.7925311203125001 0.5408560312499999 0.7800829874999999 0.5466926062499999 0.7468879671875001 0.5466926062499999 0.7116182578125 0.5768482484375 0.7178423234375 0.62937743125 0.734439834375 0.6332684828125 0.8713692953125 0.6322957203125 0.865145228125 0.6147859921875 0.8692946062500001 0.6060311281249999 0.8817427390624999 0.6031128406249999 0.8817427390624999 0.5963035015625 0.8734439828125 0.5904669265625 0.8713692953125 0.5739299609375 0.8609958499999999 0.5710116734375 0.844398340625 0.5457198437499999 0.815352696875 0.5457198437499999
118 0.4066390046875 0.6196498046875 0.40456431562499995 0.6702334624999999 0.414937759375 0.7042801562500001 0.454356846875 0.7052529187500001 0.46473029062500004 0.7110894937500001 0.5622406640625 0.7042801562500001 0.5746887968750001 0.6488326843750001 0.5663900421875 0.6138132296875 0.495850621875 0.6089494156249999 0.47510373437500003 0.6099221796875 0.45643153593749997 0.6157587546875 0.4128630703125 0.6138132296875 0.4066390046875 0.6196498046875