7 0.1356275296875 0.450757575 0.14979757031250002 0.44981060624999997 0.14979757031250002 0.45738636406250005 0.1619433203125 0.4611742421875 0.1781376515625 0.45738636406250005 0.1781376515625 0.4393939390625 0.16801619375000001 0.434659090625 0.165991903125 0.42234848437499994 0.1417004046875 0.42140151562500006 0.12955465625 0.4450757578125 0.1356275296875 0.450757575
7 0.3137651828125 0.44318181875 0.3097165984375 0.433712121875 0.289473684375 0.4299242421875 0.283400809375 0.41761363593749995 0.261133603125 0.41761363593749995 0.2489878546875 0.4299242421875 0.2348178140625 0.433712121875 0.232793521875 0.4450757578125 0.2530364375 0.440340909375 0.3137651828125 0.44318181875
25 0.2712550609375 0.3731060609375 0.2368421046875 0.36079545468749996 0.18623481718749998 0.35132575781250003 0.1356275296875 0.36647727343750003 0.109311740625 0.3863636359375 0.1052631578125 0.40625 0.11740890625 0.42140151562500006 0.131578946875 0.42613636406250005 0.1477732796875 0.41761363593749995 0.1902834015625 0.41856060624999997 0.20445344062499998 0.43181818125 0.2267206484375 0.43181818125 0.23076923124999998 0.4199810609375 0.2631578953125 0.41193181875 0.2773279359375 0.402462121875 0.27935222656250003 0.3863636359375 0.2712550609375 0.3731060609375
54 0.17408906875000002 0.34375 0.1842105265625 0.347537878125 0.1923076921875 0.3456439390625 0.216599190625 0.358901515625 0.2348178140625 0.358901515625 0.244939271875 0.34090909062499997 0.2591093125 0.3390151515625 0.255060728125 0.334280303125 0.210526315625 0.3333333328125 0.196356275 0.32954545468749996 0.17408906875000002 0.33143939375000003 0.17408906875000002 0.34375
58 0.2631578953125 0.19696969687500002 0.2530364375 0.169507575 0.21862348125 0.1647727265625 0.2004048578125 0.1647727265625 0.19433198437500002 0.169507575 0.15182186250000002 0.169507575 0.1396761140625 0.1979166671875 0.1417004046875 0.2433712125 0.2631578953125 0.24242424218749997 0.2631578953125 0.19696969687500002
58 0.7975708499999999 0.247159090625 0.8400809718750001 0.247159090625 0.862348178125 0.2433712125 0.8643724703125001 0.1988636359375 0.8542510125 0.169507575 0.8016194328124999 0.1647727265625 0.7712550609375 0.17045454531249998 0.7550607281249999 0.16856060625 0.7368421046875 0.1960227265625 0.738866396875 0.2433712125 0.7975708499999999 0.247159090625
42 0.4898785421875 0.0710227265625 0.4514170046875 0.08901515156249999 0.429149796875 0.089962121875 0.4230769234375 0.0956439390625 0.4230769234375 0.138257575 0.43724696406249997 0.17045454531249998 0.4311740890625 0.17803030312499998 0.570850203125 0.1799242421875 0.5829959515625001 0.152462121875 0.5809716593750001 0.090909090625 0.5344129546875 0.08806818125 0.5263157890625 0.0852272734375 0.5242914984375 0.07481060625 0.5020242921875 0.0710227265625 0.4898785421875 0.0710227265625
133 0.08906882656250001 0.60606060625 0.101214575 0.6164772734375 0.1194331984375 0.6145833328125 0.1275303640625 0.6003787875000001 0.137651821875 0.597537878125 0.131578946875 0.58143939375 0.1113360328125 0.5700757578125 0.0991902828125 0.5710227265625 0.08704453437500001 0.5795454546875 0.0748987859375 0.6041666671875 0.08906882656250001 0.60606060625
138 0.8502024296874999 0.5568181812499999 0.805668015625 0.5596590906250001 0.795546559375 0.55018939375 0.7510121453124999 0.558712121875 0.738866396875 0.584280303125 0.7348178140625 0.5984848484375 0.7591093125 0.6084280296875 0.7591093125 0.6136363640625 0.7408906875 0.625 0.7489878546875001 0.6325757578125 0.7651821859375 0.6325757578125 0.7732793515624999 0.63731060625 0.795546559375 0.6325757578125 0.803643725 0.63731060625 0.8643724703125001 0.6306818187500001 0.8643724703125001 0.5852272734375 0.8502024296874999 0.5568181812499999
133 0.8734375 0.60703125 0.071875 0.02109375
138 0.283400809375 0.61268939375 0.2854251015625 0.60606060625 0.2773279359375 0.6022727265625 0.2530364375 0.5577651515625 0.2004048578125 0.5482954546875 0.1842105265625 0.5549242421875 0.153846153125 0.5568181812499999 0.1477732796875 0.5625 0.12348178125 0.6174242421875 0.12955465625 0.6259469703125 0.137651821875 0.6259469703125 0.1457489875 0.6325757578125 0.165991903125 0.6325757578125 0.17206477656250002 0.638257575 0.1923076921875 0.6325757578125 0.2004048578125 0.6392045453125 0.232793521875 0.6325757578125 0.2631578953125 0.6316287875000001 0.2651821859375 0.6202651515625 0.283400809375 0.61268939375
119 0.419028340625 0.678030303125 0.429149796875 0.7083333328125 0.4676113359375 0.7168560609375 0.5182186234375 0.7178030296875 0.57287449375 0.7102272734375 0.5829959515625001 0.6581439390625 0.5769230765625 0.6221590906250001 0.52834008125 0.6221590906250001 0.4878542515625 0.615530303125 0.42712550625 0.6221590906250001 0.42105263125 0.628787878125 0.419028340625 0.678030303125