42 0.6463414640625 0.46380952343750004 0.6138211375 0.448571428125 0.560975609375 0.44666666718750003 0.5365853656249999 0.45904761875 0.5386178859374999 0.47238095312499995 0.52439024375 0.49238095312499996 0.5406504062499999 0.49047619062500003 0.5731707312500001 0.5019047624999999 0.5772357718750001 0.508571428125 0.569105690625 0.5152380953125 0.5772357718750001 0.52 0.632113821875 0.52 0.664634146875 0.509523809375 0.6788617890624999 0.4933333328125 0.6768292687499999 0.4857142859375 0.6463414640625 0.46380952343750004
25 0.6483739843749999 0.46476190468749995 0.6138211375 0.448571428125 0.560975609375 0.44666666718750003 0.5365853656249999 0.45904761875 0.5386178859374999 0.4733333328125 0.52439024375 0.49238095312499996 0.5406504062499999 0.49047619062500003 0.5731707312500001 0.5019047624999999 0.5772357718750001 0.508571428125 0.569105690625 0.5152380953125 0.5772357718750001 0.52 0.6341463421875 0.52 0.664634146875 0.509523809375 0.6788617890624999 0.49238095312499996 0.6768292687499999 0.4857142859375 0.6483739843749999 0.46476190468749995
7 0.77439024375 0.44285714218749994 0.7560975609375 0.448571428125 0.754065040625 0.46952380937499993 0.77439024375 0.468571428125 0.7906504062499999 0.4552380953125 0.7906504062499999 0.44666666718750003 0.77439024375 0.44285714218749994
7 0.7865853656249999 0.4152380953125 0.7764227640625 0.41904761874999996 0.778455284375 0.44000000000000006 0.7926829265625 0.44095238124999997 0.8008130078125 0.4371428578125 0.802845528125 0.41619047656249997 0.7865853656249999 0.4152380953125
7 0.7032520328125 0.4152380953125 0.697154471875 0.41904761874999996 0.6991869921875 0.4352380953125 0.7093495937500001 0.44000000000000006 0.72560975625 0.4342857140625 0.7235772359375 0.4152380953125 0.7032520328125 0.4152380953125
54 0.7926829265625 0.36666666718749996 0.782520325 0.34857142812499997 0.75813008125 0.3466666671875 0.7317073171875 0.3952380953125 0.7398373984375 0.4038095234375 0.754065040625 0.410476190625 0.7865853656249999 0.4066666671875 0.7967479671875 0.41333333281250006 0.8089430890625 0.388571428125 0.8191056906249999 0.3847619046875 0.8170731703125 0.37904761875 0.7926829265625 0.36666666718749996
58 0.7865853656249999 0.16476190468750002 0.7398373984375 0.167619046875 0.7398373984375 0.1838095234375 0.7276422765625 0.2 0.7317073171875 0.24095238125 0.75813008125 0.2438095234375 0.8536585359375 0.23904761875 0.8556910562500001 0.1942857140625 0.8414634140624999 0.17904761875 0.843495934375 0.16857142812499998 0.7865853656249999 0.16476190468750002
58 0.2113821140625 0.16571428593749998 0.197154471875 0.16 0.1707317078125 0.16571428593749998 0.1382113828125 0.16571428593749998 0.1260162609375 0.1980952375 0.1260162609375 0.2352380953125 0.132113821875 0.24095238125 0.1504065046875 0.24476190468749998 0.2357723578125 0.2428571421875 0.2520325203125 0.23904761875 0.254065040625 0.1942857140625 0.24186991875000002 0.16857142812499998 0.2113821140625 0.16571428593749998
42 0.5162601625 0.0847619046875 0.5 0.069523809375 0.4695121953125 0.0742857140625 0.4532520328125 0.0866666671875 0.41056910625 0.087619046875 0.4085365859375 0.147619046875 0.422764228125 0.1771428578125 0.5365853656249999 0.1780952375 0.560975609375 0.1752380953125 0.5548780484375 0.162380953125 0.569105690625 0.1352380953125 0.56504065 0.087619046875 0.5162601625 0.0847619046875
138 0.7906504062499999 0.552380953125 0.7398373984375 0.5571428578125001 0.7093495937500001 0.6028571421875 0.7093495937500001 0.611428571875 0.72560975625 0.6161904765624999 0.729674796875 0.630476190625 0.745934959375 0.6333333328124999 0.7764227640625 0.631428571875 0.7926829265625 0.63904761875 0.8089430890625 0.6333333328124999 0.8170731703125 0.63904761875 0.8536585359375 0.628571428125 0.8719512187499999 0.6142857140625 0.8739837390625 0.5980952375 0.8414634140624999 0.56095238125 0.7906504062499999 0.552380953125
138 0.237804878125 0.5533333328125 0.213414634375 0.5552380953125 0.20325203281249998 0.5599999999999999 0.17682926875 0.5561904765625 0.1382113828125 0.5571428578125001 0.1077235765625 0.607619046875 0.1199186984375 0.6142857140625 0.12804878125000002 0.631428571875 0.1595528453125 0.632380953125 0.189024390625 0.63904761875 0.205284553125 0.632380953125 0.217479675 0.6380952375 0.22357723593749998 0.631428571875 0.24390243906250003 0.632380953125 0.2520325203125 0.628571428125 0.27032520312499997 0.6152380953125001 0.27439024375 0.6 0.25609756093749997 0.5942857140625 0.24186991875000002 0.5561904765625 0.237804878125 0.5533333328125
118 0.56504065 0.62095238125 0.5304878046875 0.6219047625 0.4979674796875 0.6171428578125 0.414634146875 0.6219047625 0.4085365859375 0.6571428578125 0.4207317078125 0.710476190625 0.4573170734375 0.712380953125 0.47560975625 0.7171428578125 0.5142276421875 0.7171428578125 0.532520325 0.710476190625 0.56504065 0.708571428125 0.5752032515625001 0.6599999999999999 0.5711382109375001 0.6247619046875 0.56504065 0.62095238125
89 0.495934959375 0.4933333328125 0.4695121953125 0.5 0.4329268296875 0.5028571421875 0.4085365859375 0.510476190625 0.414634146875 0.527619046875 0.40650406562499997 0.5419047625 0.4126016265625 0.547619046875 0.5182926828125 0.547619046875 0.520325203125 0.511428571875 0.5121951218749999 0.4971428578125 0.495934959375 0.4933333328125
114 0.782520325 0.44571428593749995 0.7093495937500001 0.447619046875 0.7154471546875001 0.46285714218749996 0.6829268296875 0.4761904765625 0.680894309375 0.48952380937499995 0.6991869921875 0.49047619062500003 0.721544715625 0.4980952375 0.72560975625 0.5057142859375 0.7642276421875 0.512380953125 0.77439024375 0.49904761875 0.794715446875 0.49047619062500003 0.810975609375 0.48952380937499995 0.7987804875 0.47142857187500004 0.7845528453124999 0.46666666718750005 0.7906504062499999 0.450476190625 0.782520325 0.44571428593749995
132 0.9573170734374999 0.5447619046875001 0.9247967484374999 0.5457142859374999 0.9288617890624999 0.55904761875 0.9593495937500001 0.5847619046875 0.9674796750000001 0.5819047625 0.9654471546875 0.5571428578125001 0.9573170734374999 0.5447619046875001