25 0.6077235765625 0.4438095234375 0.5101626015625 0.4561904765625 0.4939024390625 0.46476190468749995 0.4979674796875 0.47904761875 0.48577235781250006 0.49238095312499996 0.4532520328125 0.4933333328125 0.44512195156249995 0.5009523812500001 0.44715447187499996 0.5133333328125 0.4613821140625 0.5190476187499999 0.504065040625 0.5161904765625 0.528455284375 0.512380953125 0.5426829265625 0.5038095234375 0.55691056875 0.5019047624999999 0.5670731703125 0.5047619046875 0.5792682921875 0.5228571421875 0.5995934953125001 0.5257142859374999 0.6117886171875 0.5228571421875 0.62804878125 0.5152380953125 0.6361788625 0.4542857140625 0.6077235765625 0.4438095234375
7 0.7926829265625 0.41904761874999996 0.7804878046875 0.4342857140625 0.7906504062499999 0.451428571875 0.8170731703125 0.4552380953125 0.8252032515625001 0.44666666718750003 0.81504065 0.4219047625 0.7926829265625 0.41904761874999996
7 0.7093495937500001 0.41809523750000005 0.705284553125 0.4371428578125 0.7154471546875001 0.4419047625 0.7235772359375 0.4419047625 0.7337398375 0.432380953125 0.7337398375 0.41809523750000005 0.7093495937500001 0.41809523750000005
7 0.697154471875 0.37523809531249996 0.69308943125 0.37904761875 0.69308943125 0.3933333328125 0.7093495937500001 0.39904761875 0.721544715625 0.3933333328125 0.7195121953125 0.37523809531249996 0.697154471875 0.37523809531249996
7 0.8516260156250001 0.392380953125 0.8495934953125 0.4152380953125 0.8719512187499999 0.41333333281250006 0.8800813015625 0.4047619046875 0.8780487812500001 0.392380953125 0.8516260156250001 0.392380953125
54 0.7723577234375 0.3857142859375 0.7662601625 0.4066666671875 0.802845528125 0.4028571421875 0.802845528125 0.3866666671875 0.7723577234375 0.3857142859375
54 0.8516260156250001 0.16857142812499998 0.82317073125 0.16857142812499998 0.8089430890625 0.1638095234375 0.794715446875 0.16857142812499998 0.7520325203125 0.16857142812499998 0.7398373984375 0.2028571421875 0.74186991875 0.2419047625 0.7906504062499999 0.24476190468749998 0.8638211374999999 0.2428571421875 0.8658536578125 0.1961904765625 0.8516260156250001 0.16857142812499998
58 0.847560975 0.167619046875 0.8292682921875001 0.171428571875 0.8191056906249999 0.1638095234375 0.7520325203125 0.16857142812499998 0.7398373984375 0.2038095234375 0.7439024390625 0.2428571421875 0.8658536578125 0.2419047625 0.8678861781249999 0.20190476249999997 0.8556910562500001 0.17238095312499999 0.847560975 0.167619046875
58 0.25 0.16857142812499998 0.20325203281249998 0.1666666671875 0.148373984375 0.16857142812499998 0.14024390312499999 0.1952380953125 0.1422764234375 0.2428571421875 0.205284553125 0.24476190468749998 0.2642276421875 0.2419047625 0.2662601625 0.1952380953125 0.2520325203125 0.1838095234375 0.254065040625 0.171428571875 0.25 0.16857142812499998
42 0.52439024375 0.0847619046875 0.5182926828125 0.071428571875 0.50813008125 0.069523809375 0.48373983750000005 0.07238095312500001 0.47967479687500003 0.07904761875 0.4573170734375 0.087619046875 0.422764228125 0.089523809375 0.4186991875 0.14095238125 0.430894309375 0.17904761875 0.5752032515625001 0.17904761875 0.5670731703125 0.16 0.5792682921875 0.148571428125 0.5833333328125 0.0942857140625 0.5752032515625001 0.089523809375 0.52439024375 0.0847619046875
132 1 0.5507936499999999 0.987804878125 0.547619046875 0.9451219515625 0.548571428125 0.93495935 0.552380953125 0.93495935 0.5599999999999999 0.9674796750000001 0.5942857140625 0.9796747968749999 0.5933333328125 0.9817073171875 0.5847619046875 1 0.5821904765625 1 0.5507936499999999
138 0.24390243906250003 0.55904761875 0.1504065046875 0.56095238125 0.1199186984375 0.611428571875 0.1300813015625 0.6133333328125 0.1422764234375 0.6342857140625 0.1869918703125 0.6342857140625 0.20121951249999998 0.6380952375 0.22154471562500003 0.6333333328124999 0.229674796875 0.63904761875 0.2337398375 0.632380953125 0.25813008125 0.631428571875 0.24390243906250003 0.6161904765624999 0.262195121875 0.5971428578125 0.254065040625 0.5628571421874999 0.24390243906250003 0.55904761875
138 0.8597560968750001 0.5780952375 0.8536585359375 0.5580952375 0.82317073125 0.5571428578125001 0.81504065 0.5599999999999999 0.7845528453124999 0.5542857140625 0.7479674796875 0.5561904765625 0.7276422765625 0.6066666671875 0.721544715625 0.607619046875 0.721544715625 0.612380953125 0.7317073171875 0.6133333328125 0.7398373984375 0.631428571875 0.7479674796875 0.6342857140625 0.7906504062499999 0.6342857140625 0.8008130078125 0.628571428125 0.827235771875 0.628571428125 0.8313008125 0.6380952375 0.8638211374999999 0.631428571875 0.8617886171875 0.6228571421875 0.8516260156250001 0.61904761875 0.8516260156250001 0.6019047625 0.8760162609375 0.6 0.8719512187499999 0.5885714281250001 0.8597560968750001 0.5780952375
118 0.5752032515625001 0.6238095234375 0.5406504062499999 0.6257142859375 0.5223577234375 0.62 0.49186991874999997 0.61904761875 0.42682926875 0.6238095234375 0.4207317078125 0.6580952375 0.430894309375 0.712380953125 0.47967479687500003 0.7161904765625 0.50813008125 0.7142857140625 0.5264227640625 0.7180952375 0.5304878046875 0.7142857140625 0.5752032515625001 0.711428571875 0.5752032515625001 0.6914285718750001 0.585365853125 0.6771428578124999 0.5833333328125 0.6371428578125 0.5752032515625001 0.6238095234375
114 0.7987804875 0.4361904765625 0.7764227640625 0.41904761874999996 0.75 0.41809523750000005 0.729674796875 0.4342857140625 0.7073170734375 0.43333333281249997 0.6951219515625 0.4419047625 0.6910569109375 0.4542857140625 0.7093495937500001 0.4542857140625 0.7337398375 0.4619047625 0.7378048781250001 0.470476190625 0.7560975609375 0.47238095312499995 0.802845528125 0.4542857140625 0.8211382109375001 0.4542857140625 0.8170731703125 0.43904761875 0.7987804875 0.4361904765625