54 0.32 0.43580131250000004 0.33399999999999996 0.43580131250000004 0.33799999999999997 0.446110590625 0.366 0.44985941875 0.376 0.45548266093749995 0.4 0.453608246875 0.4 0.4311152765625 0.384 0.43017806875 0.376 0.42174320468750004 0.346 0.4245548265625 0.32599999999999996 0.40206185625 0.312 0.40112464843750006 0.306 0.40768509843749995 0.264 0.42174320468750004 0.258 0.43205248437500005 0.286 0.447047796875 0.302 0.44517338281249996 0.32 0.43580131250000004
54 0.32999999999999996 0.38706654218750003 0.288 0.38987816249999996 0.286 0.3936269921875 0.31 0.3973758203125 0.33399999999999996 0.3908153703125 0.32999999999999996 0.38706654218750003
54 0.262 0.38238050625 0.248 0.38519212812500003 0.25 0.3983130265625 0.268 0.40112464843750006 0.282 0.38800374843749996 0.262 0.38238050625
58 0.266 0.205248359375 0.254 0.171508903125 0.21800000000000003 0.1724461109375 0.20400000000000001 0.1668228671875 0.154 0.171508903125 0.142 0.198687909375 0.144 0.244611059375 0.21600000000000003 0.2464854734375 0.264 0.24367385156250002 0.266 0.205248359375
58 0.8460000000000001 0.171508903125 0.806 0.171508903125 0.794 0.1668228671875 0.778 0.167760075 0.77 0.174320525 0.75 0.170571696875 0.734 0.1968134953125 0.736 0.244611059375 0.8560000000000001 0.24367385156250002 0.8560000000000001 0.1996251171875 0.8460000000000001 0.171508903125
42 0.43 0.1799437671875 0.568 0.18181818125 0.58 0.15370196875 0.5780000000000001 0.0937207125 0.534 0.0918462984375 0.526 0.0815370203125 0.49400000000000005 0.07403936250000001 0.484 0.0862230546875 0.42800000000000005 0.0937207125 0.42000000000000004 0.1002811625 0.42400000000000004 0.15182755312500001 0.43600000000000005 0.167760075 0.43 0.1799437671875
118 0.476 0.714151828125 0.518 0.715089034375 0.522 0.7113402062499999 0.5700000000000001 0.7066541703125 0.5820000000000001 0.65135895 0.5740000000000001 0.6194939078125 0.532 0.6194939078125 0.5 0.614807871875 0.45999999999999996 0.620431115625 0.426 0.6194939078125 0.422 0.6223055296875 0.418 0.6757263359375 0.42800000000000005 0.707591378125 0.47000000000000003 0.7104029984375 0.476 0.714151828125
138 0.732 0.6223055296875 0.738 0.626991565625 0.768 0.634489221875 0.8560000000000001 0.6298031859375001 0.876 0.6091846296875 0.876 0.6016869734375 0.8460000000000001 0.55670103125 0.748 0.5548266171875 0.74 0.56326148125 0.742 0.5754451734375 0.716 0.5998125578125 0.736 0.614807871875 0.732 0.6223055296875
138 0.144 0.6185567015625 0.148 0.627928771875 0.16999999999999998 0.627928771875 0.176 0.6335520156250001 0.182 0.6288659796875 0.2 0.6288659796875 0.202 0.634489221875 0.21000000000000002 0.63074039375 0.264 0.6288659796875 0.286 0.6026241796875 0.256 0.5716963453125 0.254 0.5557638234375 0.22799999999999998 0.5482661671875 0.194 0.55670103125 0.16399999999999998 0.5548266171875 0.152 0.5576382375 0.132 0.5951265234374999 0.122 0.59793814375 0.126 0.6157450796874999 0.144 0.6185567015625
145 0.44400000000000006 0.446110590625 0.45 0.4311152765625 0.44400000000000006 0.4283036546875 0.426 0.43017806875 0.414 0.43861293281249997 0.414 0.447047796875 0.45599999999999996 0.452671040625 0.44400000000000006 0.446110590625
145 0.414 0.4170571703125 0.41 0.41424554843749994 0.392 0.41518275468750004 0.386 0.41799437656249994 0.388 0.42924086250000004 0.40800000000000003 0.43298969062500003 0.414 0.4170571703125