7 0.7194092828125 0.4486166015625 0.7067510546875 0.4249011859375 0.6814345984375 0.4229249015625 0.6666666671875 0.4456521734375 0.677215190625 0.45652173906250004 0.7046413499999999 0.4456521734375 0.7109704640625 0.4535573125 0.7194092828125 0.4486166015625
7 0.25316455625 0.3972332015625 0.2447257390625 0.4229249015625 0.2510548515625 0.42687747031249995 0.291139240625 0.42391304375 0.29535865 0.41501976249999994 0.282700421875 0.39822134375 0.25316455625 0.3972332015625
7 0.3670886078125 0.2915019765625 0.3459915609375 0.28656126406250004 0.33755274218750003 0.2895256921875 0.3101265828125 0.2875494078125 0.2890295359375 0.294466403125 0.2890295359375 0.3023715421875 0.3122362875 0.2934782609375 0.3691983125 0.298418971875 0.3670886078125 0.2915019765625
7 0.2236286921875 0.2707509875 0.25316455625 0.2697628453125 0.25316455625 0.2658102765625 0.2067510546875 0.24802371562499997 0.1940928265625 0.25 0.1898734171875 0.2598814234375 0.168776371875 0.26284585 0.16455696250000001 0.2697628453125 0.2067510546875 0.27667984218749997 0.2236286921875 0.2707509875
54 0.1898734171875 0.235177865625 0.20886075937499998 0.24110671875 0.22784810156250002 0.24110671875 0.22784810156250002 0.24901185781250001 0.23839662499999997 0.251976284375 0.25316455625 0.25395256875 0.2784810125 0.24802371562499997 0.282700421875 0.244071146875 0.261603375 0.2124505921875 0.23628692031249998 0.21146245000000002 0.1940928265625 0.22529644218749997 0.1898734171875 0.235177865625
58 0.7405063296875001 0.2005928859375 0.7362869203125 0.23715415 0.7594936703124999 0.2450592890625 0.78691983125 0.23913043437499998 0.8206751062500001 0.24802371562499997 0.8375527421875001 0.24802371562499997 0.873417721875 0.23715415 0.8755274265624999 0.192687746875 0.864978903125 0.1600790515625 0.8206751062500001 0.1600790515625 0.8101265828124999 0.1561264828125 0.7594936703124999 0.1600790515625 0.7405063296875001 0.2005928859375
58 0.15822784843749998 0.1620553359375 0.1329113921875 0.1600790515625 0.1202531640625 0.188735178125 0.1202531640625 0.2361660078125 0.1751054859375 0.2381422921875 0.1983122359375 0.2450592890625 0.20253164531249998 0.231225296875 0.217299578125 0.231225296875 0.22784810156250002 0.22529644218749997 0.23206751093750003 0.2065217390625 0.24894514843749999 0.1936758890625 0.23839662499999997 0.1600790515625 0.1983122359375 0.154150196875 0.168776371875 0.1561264828125 0.15822784843749998 0.1620553359375
42 0.47046413437499995 0.0731225296875 0.4578059078125 0.0770750984375 0.4240506328125 0.0770750984375 0.413502109375 0.083003953125 0.41772151874999996 0.1383399203125 0.430379746875 0.1561264828125 0.4240506328125 0.16897233125 0.569620253125 0.1709486171875 0.5843881859375 0.129446640625 0.578059071875 0.0770750984375 0.535864978125 0.07608695625 0.5189873421875 0.0721343875 0.5063291140625 0.0592885375 0.47468354375 0.06324110625 0.47046413437499995 0.0731225296875
25 0.16455696250000001 0.3824110671875 0.15822784843749998 0.374505928125 0.13924050625 0.383399209375 0.1075949359375 0.3863636359375 0.0801687765625 0.4011857703125 0.078059071875 0.419960475 0.0886075953125 0.4328063234375 0.1329113921875 0.4535573125 0.160337553125 0.45553359687499995 0.1814345984375 0.446640315625 0.2194092828125 0.4486166015625 0.24683544375 0.434782609375 0.2405063296875 0.41897233125 0.24894514843749999 0.40513834062500004 0.22784810156250002 0.3863636359375 0.1983122359375 0.379446640625 0.16455696250000001 0.3824110671875
132 0 0.5907238140625 0.0232067515625 0.5859683796875 0.044303796875 0.5938735171875 0.0464135015625 0.58102766875 0.031645570312499996 0.5592885375 0.0232067515625 0.5563241109375 0.0105485234375 0.5583003953125 0 0.5643390421875 0 0.5907238140625
114 0.2236286921875 0.599802371875 0.217299578125 0.603754940625 0.22151898750000001 0.6106719375 0.27004219375 0.6136363640625 0.274261603125 0.6215415015625 0.2932489453125 0.6215415015625 0.322784809375 0.61462450625 0.34388185625 0.6175889328124999 0.348101265625 0.6116600796875 0.348101265625 0.6027667984375 0.33755274218750003 0.5968379453125 0.2784810125 0.57608695625 0.2236286921875 0.599802371875
138 0.2679324890625 0.612648221875 0.23839662499999997 0.60968379375 0.23628692031249998 0.5622529640625 0.2109704640625 0.5543478265624999 0.1624472578125 0.5642292484375 0.1308016875 0.566205534375 0.09915611875 0.60968379375 0.109704640625 0.6363636359375 0.1244725734375 0.6432806328125 0.143459915625 0.6432806328125 0.1540084390625 0.650197628125 0.1624472578125 0.646245059375 0.183544303125 0.6492094859375 0.24894514843749999 0.6432806328125 0.25949367031250004 0.6254940718750001 0.2679324890625 0.6254940718750001 0.2721518984375 0.6195652171875 0.2679324890625 0.612648221875
138 0.87763713125 0.6304347828125 0.8945147671875 0.620553359375 0.86075949375 0.566205534375 0.7594936703124999 0.565217390625 0.74683544375 0.5918972328125001 0.7447257390625001 0.6067193671875 0.765822784375 0.61462450625 0.7637130796875 0.6245059281249999 0.74683544375 0.633399209375 0.7552742609374999 0.6432806328125 0.7763713078125 0.644268775 0.7805907171875 0.64822134375 0.791139240625 0.644268775 0.8059071734375 0.6452569171875 0.8101265828124999 0.6492094859375 0.8755274265624999 0.6413043484375 0.87763713125 0.6304347828125
118 0.413502109375 0.6393280625 0.4113924046875 0.6916996046875 0.421940928125 0.7252964421875 0.48312236249999996 0.731225296875 0.5717299578125 0.7243083 0.58227848125 0.6679841890625 0.5759493671875 0.6324110671875001 0.5126582281250001 0.629446640625 0.5 0.6254940718750001 0.46835442968749996 0.63537549375 0.447257384375 0.6314229250000001 0.4198312234375 0.6324110671875001 0.413502109375 0.6393280625