7 0.4421487609375 0.45454545468749996 0.4400826453125 0.465183753125 0.4524793390625 0.472920696875 0.47314049531249996 0.46228239843749996 0.47314049531249996 0.45164410000000005 0.4524793390625 0.448742746875 0.4421487609375 0.45454545468749996
7 0.2045454546875 0.4506769828125 0.2024793390625 0.4700193421875 0.22314049531250002 0.4777562859375 0.23347107500000003 0.47098646093749996 0.231404959375 0.45164410000000005 0.22314049531250002 0.448742746875 0.2045454546875 0.4506769828125
7 0.1404958671875 0.3520309484375 0.1301652890625 0.360735009375 0.1342975203125 0.368471953125 0.1404958671875 0.3713733078125 0.150826446875 0.361702128125 0.16528925625 0.361702128125 0.175619834375 0.36943907187499997 0.18181818125 0.3568665375 0.1694214875 0.3481624765625 0.1694214875 0.3394584140625 0.1404958671875 0.3394584140625 0.1404958671875 0.3520309484375
7 0.29752066093749996 0.3394584140625 0.2933884296875 0.345261121875 0.26652892499999997 0.3549323015625 0.264462809375 0.36460348124999997 0.2851239671875 0.360735009375 0.3471074375 0.36460348124999997 0.320247934375 0.3394584140625 0.29752066093749996 0.3394584140625
54 0.2086776859375 0.3665377171875 0.23347107500000003 0.360735009375 0.26239669375 0.361702128125 0.27272727343750003 0.3433268859375 0.25206611562500003 0.3162475828125 0.2066115703125 0.3191489359375 0.1880165296875 0.3278529984375 0.18388429687500002 0.33655705937499997 0.1942148765625 0.3394584140625 0.2086776859375 0.3665377171875
58 0.2582644625 0.23887814375 0.260330578125 0.19922630624999998 0.247933884375 0.1644100578125 0.2107438015625 0.1644100578125 0.1942148765625 0.1605415859375 0.17975206562499998 0.1615087046875 0.1694214875 0.16731141249999998 0.146694215625 0.1644100578125 0.1322314046875 0.1924564796875 0.1342975203125 0.2398452609375 0.2582644625 0.23887814375
58 0.8719008265625 0.195357834375 0.8615702484375 0.1644100578125 0.8078512390625001 0.15957446875 0.7582644625 0.163442940625 0.7417355375 0.19052224375 0.7458677687499999 0.2398452609375 0.8512396687500001 0.2437137328125 0.8698347109375 0.23887814375 0.8719008265625 0.195357834375
42 0.42561983437500006 0.0851063828125 0.4194214875 0.08897485468750001 0.42355371875000003 0.1441005796875 0.4359504125 0.1653771765625 0.42768595 0.17504835624999998 0.57231405 0.17504835624999998 0.58471074375 0.146034815625 0.582644628125 0.084139265625 0.5371900828125 0.0812379109375 0.5289256203125 0.0696324953125 0.49380165312499996 0.06286266874999999 0.48347107500000003 0.07640232031250001 0.42561983437500006 0.0851063828125
138 0.247933884375 0.5599613156250001 0.22314049531250002 0.5493230171875 0.17355371875 0.5599613156250001 0.14256198281250002 0.5618955515625 0.1301652890625 0.5947775625 0.1115702484375 0.6044487421875 0.1157024796875 0.622823984375 0.1962809921875 0.6324951640625 0.2004132234375 0.638297871875 0.2107438015625 0.6344293999999999 0.2582644625 0.63539651875 0.2809917359375 0.616054159375 0.2809917359375 0.6083172140625 0.26652892499999997 0.603481625 0.25 0.5783365578125 0.247933884375 0.5599613156250001
138 0.7541322312500001 0.5618955515625 0.7417355375 0.5938104453124999 0.7210743796875 0.6044487421875 0.72933884375 0.6295938109375 0.7809917359375 0.6441005796875 0.7933884296875 0.639264990625 0.8099173546875 0.6441005796875 0.8677685953125 0.638297871875 0.8904958671875001 0.616054159375 0.8904958671875001 0.6083172140625 0.8780991734375 0.6044487421875 0.8595041328124999 0.5609284328124999 0.7541322312500001 0.5618955515625
89 0.4710743796875 0.511605415625 0.47933884375 0.53191489375 0.4710743796875 0.544487428125 0.4752066109375 0.5522243718750001 0.5495867765625 0.5483559 0.57231405 0.5531914890625 0.582644628125 0.5502901359375 0.5805785125 0.511605415625 0.5041322312500001 0.49903288124999995 0.48347107500000003 0.49903288124999995 0.47727272656249997 0.5029013546875001 0.4710743796875 0.511605415625
114 0.23760330624999998 0.4932301734375 0.17355371875 0.5251450671875 0.17975206562499998 0.5377176015625 0.1983471078125 0.5328820109375 0.21694214843749998 0.5493230171875 0.231404959375 0.5502901359375 0.24380165312500002 0.544487428125 0.25413223125 0.5493230171875 0.27066115625 0.5464216640624999 0.268595040625 0.534816246875 0.2851239671875 0.528046421875 0.30578512343750003 0.5299806578124999 0.3078512390625 0.5193423593750001 0.23760330624999998 0.4932301734375
132 0.0516528921875 0.5938104453124999 0.055785123437499994 0.5822050296875 0.11776859531249999 0.5580270796875 0.0971074375 0.5483559 0.08471074375 0.5570599609375 0.049586776562500004 0.5522243718750001 0.0289256203125 0.5580270796875 0.0268595046875 0.5783365578125 0.0413223140625 0.5938104453124999 0.0516528921875 0.5938104453124999
118 0.42561983437500006 0.62669245625 0.4194214875 0.6334622828125 0.417355371875 0.6827853 0.42768595 0.7166344296875 0.46280991718750003 0.7166344296875 0.47933884375 0.7243713734375 0.5743801656249999 0.7166344296875 0.586776859375 0.6605415859375 0.578512396875 0.62669245625 0.5433884296875 0.6247582203125 0.5227272734375 0.627659575 0.5 0.6218568671875 0.48347107500000003 0.6257253390625 0.42561983437500006 0.62669245625