7 0.2643442625 0.33524904218749996 0.2520491796875 0.33524904218749996 0.258196721875 0.34099616875 0.284836065625 0.345785440625 0.31967213125 0.34003831406249996 0.3217213109375 0.3342911875 0.3094262296875 0.3333333328125 0.29713114687500003 0.322796934375 0.27459016406250003 0.322796934375 0.27459016406250003 0.329501915625 0.2643442625 0.33524904218749996
7 0.1762295078125 0.3659003828125 0.1680327875 0.3505747125 0.1434426234375 0.3534482765625 0.1352459015625 0.37356321875 0.145491803125 0.3793103453125 0.159836065625 0.37356321875 0.1680327875 0.3745210734375 0.1762295078125 0.3659003828125
7 0.1393442625 0.36015325625 0.1434426234375 0.3515325671875 0.172131146875 0.3534482765625 0.1782786890625 0.348659003125 0.16393442656249999 0.339080459375 0.11270491875 0.34099616875 0.1004098359375 0.3467432953125 0.1004098359375 0.3534482765625 0.1270491796875 0.348659003125 0.1393442625 0.36015325625
7 0.15368852500000002 0.3381226046875 0.1495901640625 0.326628353125 0.1290983609375 0.32758620625 0.1290983609375 0.3333333328125 0.10450819687499999 0.34386973125 0.1004098359375 0.3534482765625 0.1823770484375 0.34961685781249996 0.1680327875 0.3381226046875 0.15368852500000002 0.3381226046875
54 0.16393442656249999 0.313218390625 0.16188524531249998 0.3237547890625 0.1823770484375 0.3342911875 0.1967213109375 0.2959770109375 0.2540983609375 0.294061303125 0.258196721875 0.2883141765625 0.20286885312499997 0.2863984671875 0.188524590625 0.2816091953125 0.1680327875 0.2863984671875 0.1782786890625 0.3017241375 0.16393442656249999 0.313218390625
54 0.2540983609375 0.3160919546875 0.241803278125 0.3141762453125 0.2315573765625 0.3026819921875 0.2069672125 0.2978927203125 0.1967213109375 0.30842911875 0.19467213125 0.31704980781250003 0.2131147546875 0.3342911875 0.2479508203125 0.336206896875 0.2540983609375 0.3160919546875
58 0.188524590625 0.17241379375000002 0.14754098437500002 0.170498084375 0.1270491796875 0.1992337171875 0.118852459375 0.2528735625 0.1577868859375 0.2528735625 0.1782786890625 0.2557471265625 0.186475409375 0.264367815625 0.2110655734375 0.2672413796875 0.22131147499999998 0.264367815625 0.2315573765625 0.2538314171875 0.258196721875 0.245210728125 0.258196721875 0.20498084218749998 0.2459016390625 0.1714559390625 0.20491803281249998 0.1676245203125 0.188524590625 0.17241379375000002
58 0.7479508203125 0.2557471265625 0.8258196718749999 0.25670498125 0.8627049187500001 0.24616858281249998 0.8647540984375001 0.2021072796875 0.8524590156249999 0.1714559390625 0.8073770484375 0.1714559390625 0.8012295078125 0.168582375 0.7520491796875 0.1714559390625 0.7356557375 0.1982758625 0.729508196875 0.24712643750000002 0.7479508203125 0.2557471265625
42 0.522540984375 0.0842911875 0.522540984375 0.07854406093750001 0.491803278125 0.072796934375 0.47745901562500004 0.08620689687500001 0.45696721250000005 0.09099616875 0.4282786890625 0.0900383140625 0.41598360625 0.0967432953125 0.41598360625 0.13984674375 0.422131146875 0.1580459765625 0.43032786874999995 0.1618773953125 0.42622950781249996 0.17528735625 0.41393442656249996 0.1819923375 0.49795082031250004 0.1848659 0.56967213125 0.1819923375 0.56967213125 0.163793103125 0.5819672125 0.14559387031249998 0.577868853125 0.0919540234375 0.534836065625 0.09099616875 0.522540984375 0.0842911875
133 0.1987704921875 0.631226053125 0.1782786890625 0.6254789265625 0.1495901640625 0.6293103453125 0.1393442625 0.6503831421874999 0.18032786875 0.67241379375 0.1926229515625 0.6561302687499999 0.2069672125 0.65229885 0.1987704921875 0.631226053125
138 0.270491803125 0.6091954015625001 0.2459016390625 0.5651341000000001 0.20286885312499997 0.55842911875 0.1844262296875 0.5670498078125 0.174180328125 0.563218390625 0.1413934421875 0.5651341000000001 0.1393442625 0.576628353125 0.11065573749999999 0.60727969375 0.1147540984375 0.6254789265625 0.13729508125 0.63984674375 0.1434426234375 0.635057471875 0.200819671875 0.6331417625 0.2192622953125 0.63984674375 0.2520491796875 0.63984674375 0.258196721875 0.62356321875 0.27663934375 0.6197318 0.278688525 0.6130268203125 0.270491803125 0.6091954015625001
138 0.8729508203125 0.6206896546875 0.8852459015624999 0.614942528125 0.8524590156249999 0.5641762453125 0.8176229515625 0.563218390625 0.8032786890624999 0.5670498078125 0.7930327875 0.55842911875 0.7889344265625 0.5641762453125 0.7479508203125 0.5660919546875001 0.7459016390625 0.578065134375 0.7192622953125001 0.6044061296875001 0.7192622953125001 0.6206896546875 0.7397540984375001 0.628352490625 0.7397540984375001 0.636015325 0.772540984375 0.644636015625 0.7807377046874999 0.63984674375 0.7950819671875 0.63984674375 0.7991803281250001 0.644636015625 0.8155737703125 0.63984674375 0.8606557374999999 0.63984674375 0.8729508203125 0.6206896546875
119 0.4549180328125 0.6302682 0.424180328125 0.6293103453125 0.41803278749999995 0.6321839078125 0.41598360625 0.6858237546875 0.424180328125 0.7164750953125 0.46516393437500003 0.719348659375 0.47336065625 0.72413793125 0.5163934421875 0.72413793125 0.5245901640625 0.7203065140625 0.5676229515625 0.7183908046874999 0.5799180328125 0.6666666671875 0.5737704921875 0.6302682 0.522540984375 0.631226053125 0.48770491875 0.6226053640625 0.4549180328125 0.6302682