58 0.7468879671875001 0.16731517499999998 0.7261410781250001 0.20622568125 0.724066390625 0.2431906609375 0.744813278125 0.2509727625 0.7614107890625 0.248054475 0.815352696875 0.25 0.8195020749999999 0.2548638125 0.8589211625000001 0.2431906609375 0.8589211625000001 0.19844357968749998 0.8485477171875001 0.16828793749999998 0.7966804984375 0.16634241249999998 0.784232365625 0.1614786 0.765560165625 0.16731517499999998 0.7468879671875001 0.16731517499999998
58 0.134854771875 0.16634241249999998 0.12448132812499998 0.1721789890625 0.1265560171875 0.183852140625 0.114107884375 0.19941634218749998 0.1120331953125 0.2402723734375 0.1182572609375 0.2451361875 0.1410788375 0.248054475 0.205394190625 0.24610895 0.21784232343749999 0.2509727625 0.2427385890625 0.2441634234375 0.244813278125 0.2003891046875 0.23029045625000003 0.16731517499999998 0.18672199218750002 0.16536964999999998 0.17012448125 0.171206225 0.1597510375 0.16634241249999998 0.134854771875 0.16634241249999998
42 0.41078838125 0.0885214 0.40456431562499995 0.0924124515625 0.4066390046875 0.13618677031249998 0.421161825 0.1643968875 0.4170124484375 0.17801556406250002 0.5580912859375 0.17898832656250002 0.5726141078125 0.13424124531249998 0.5684647296875001 0.0875486375 0.5331950203125 0.0856031125 0.5124481328125 0.07392996093750001 0.48132780156250005 0.0680933859375 0.46473029062500004 0.08365758749999999 0.41078838125 0.0885214
7 0.1120331953125 0.3900778203125 0.116182571875 0.39883268437499997 0.12448132812499998 0.400778209375 0.12863070468749999 0.39202334687499996 0.145228215625 0.39202334687499996 0.1618257265625 0.39785992187499997 0.163900415625 0.38813229531250004 0.1514522828125 0.37062256875 0.12448132812499998 0.37256809375 0.12448132812499998 0.38132295781250003 0.1120331953125 0.3900778203125
7 0.40248962656250004 0.45525291875 0.3817427390625 0.441634240625 0.3568464734375 0.442607003125 0.3589211625 0.45719844375 0.35062240624999996 0.46692607031250005 0.36929460625 0.474708171875 0.37136929531249996 0.46595330781250005 0.40248962656250004 0.45525291875
7 0.425311203125 0.439688715625 0.41908713750000004 0.46108949375 0.4336099578125 0.46789883281250005 0.4522821578125 0.439688715625 0.425311203125 0.439688715625
54 0.18879668125 0.37256809375 0.19294605781250002 0.38521400781250004 0.2033195015625 0.37451361875 0.23236514531250002 0.38326848281250003 0.25103734375000003 0.37645914375 0.25933609999999996 0.36575875468749997 0.234439834375 0.33268482499999996 0.18879668125 0.33754863749999997 0.17012448125 0.3472762640625 0.1680497921875 0.35603112812500004 0.18879668125 0.37256809375
25 0.215767634375 0.441634240625 0.2136929453125 0.44941634218750004 0.25103734375000003 0.481517509375 0.265560165625 0.48638132343749996 0.2821576765625 0.48638132343749996 0.294605809375 0.478599221875 0.3879668046875 0.45038910468750004 0.3921161828125 0.433852140625 0.35269709531250004 0.40564202343750005 0.319502075 0.40369649843750005 0.26141078906250004 0.40856031093749995 0.23029045625000003 0.42607003906249996 0.215767634375 0.441634240625
89 0.454356846875 0.4990272375 0.46473029062500004 0.5155642015625 0.45643153593749997 0.5359922171875 0.46680497968749995 0.5389105062499999 0.5 0.5350194546875 0.5622406640625 0.5379377437499999 0.5705394187499999 0.5330739296875 0.5684647296875001 0.498054475 0.493775934375 0.480544746875 0.4792531125 0.479571984375 0.46680497968749995 0.48443579843749995 0.454356846875 0.4990272375
132 0.275933609375 0.5680933859375 0.2572614109375 0.5564202328125 0.234439834375 0.5564202328125 0.2385892109375 0.5846303500000001 0.25103734375000003 0.5953307390625 0.2676348546875 0.5953307390625 0.2821576765625 0.5904669265625 0.275933609375 0.5680933859375
138 0.265560165625 0.6177042796875 0.23236514531250002 0.5710116734375 0.19294605781250002 0.564202334375 0.19087136875 0.567120621875 0.1265560171875 0.5680933859375 0.12448132812499998 0.5807393000000001 0.095435684375 0.6099221796875 0.0995850625 0.6313229578125 0.10995850625 0.6420233468750001 0.145228215625 0.6449416343750001 0.14937759374999998 0.6507782093750001 0.1618257265625 0.6468871593750001 0.180497925 0.6498054468750001 0.19502074687499998 0.6439688718750001 0.2427385890625 0.6439688718750001 0.2468879671875 0.6303501953125 0.265560165625 0.6177042796875
138 0.8485477171875001 0.5700389109375 0.8402489624999999 0.566147859375 0.8091286312499999 0.5680933859375 0.7925311203125001 0.566147859375 0.7863070546875 0.561284046875 0.7821576765625 0.565175096875 0.744813278125 0.567120621875 0.7385892109375 0.5865758750000001 0.7116182578125 0.6060311281249999 0.7136929453125 0.62743190625 0.734439834375 0.6420233468750001 0.765560165625 0.6498054468750001 0.775933609375 0.6449416343750001 0.7987551875000001 0.6488326843750001 0.8174273859375001 0.6439688718750001 0.834024896875 0.6468871593750001 0.8568464734375001 0.6439688718750001 0.8692946062500001 0.62354085625 0.8775933609375001 0.62256809375 0.8485477171875001 0.5804153703125 0.8485477171875001 0.5700389109375
145 0.79045643125 0.3453307390625 0.7821576765625 0.3385214 0.765560165625 0.3433852140625 0.7572614109375 0.35603112812500004 0.7676348546875 0.36673151718749997 0.800829875 0.35505836562500004 0.8070539421875 0.3433852140625 0.79045643125 0.3453307390625
118 0.414937759375 0.7237354078125 0.45020746875000006 0.7237354078125 0.46473029062500004 0.7285992218749999 0.560165975 0.7227626453125 0.5705394187499999 0.6702334624999999 0.564315353125 0.6332684828125 0.5020746890625001 0.6303501953125 0.41078838125 0.6332684828125 0.40456431562499995 0.6527237359375 0.40248962656250004 0.688715953125 0.414937759375 0.7237354078125