25 0.3 0.48734770312500003 0.33799999999999997 0.48734770312500003 0.352 0.492970946875 0.36 0.49765698281250004 0.344 0.5079662609375 0.346 0.5117150890625 0.374 0.5154639171875 0.38 0.5117150890625 0.414 0.512652296875 0.43600000000000005 0.5079662609375 0.45599999999999996 0.492970946875 0.45999999999999996 0.47985004687500005 0.396 0.44142455468749997 0.33799999999999997 0.44329896875 0.322 0.45079662656249997 0.316 0.46579194062499996 0.298 0.47610121875000005 0.298 0.4845360828125 0.3 0.48734770312500003
54 0.20800000000000002 0.45548266093749995 0.21400000000000002 0.44329896875 0.236 0.4376757265625 0.236 0.43017806875 0.23199999999999998 0.4170571703125 0.21600000000000003 0.4161199625 0.202 0.419868790625 0.202 0.43205248437500005 0.192 0.43955014062500003 0.198 0.45454545468749996 0.20800000000000002 0.45548266093749995
58 0.264 0.24367385156250002 0.266 0.205248359375 0.252 0.171508903125 0.156 0.171508903125 0.13999999999999999 0.2024367390625 0.13999999999999999 0.2427366453125 0.146 0.245548265625 0.248 0.2464854734375 0.264 0.24367385156250002
58 0.82 0.2549203375 0.8560000000000001 0.244611059375 0.8560000000000001 0.1996251171875 0.8460000000000001 0.171508903125 0.8019999999999999 0.171508903125 0.796 0.167760075 0.748 0.171508903125 0.732 0.197750703125 0.732 0.244611059375 0.752 0.2492970953125 0.808 0.2464854734375 0.82 0.2549203375
42 0.42800000000000005 0.18181818125 0.568 0.18181818125 0.5820000000000001 0.144329896875 0.5780000000000001 0.0937207125 0.534 0.090909090625 0.522 0.077788190625 0.502 0.07310215625000001 0.488 0.07310215625000001 0.47000000000000003 0.08809747031250001 0.42800000000000005 0.0937207125 0.42000000000000004 0.0984067484375 0.42400000000000004 0.1527647609375 0.43600000000000005 0.170571696875 0.42800000000000005 0.18181818125
7 0.178 0.45829428281249995 0.154 0.45548266093749995 0.15 0.459231490625 0.15 0.4779756328125 0.162 0.48266166874999994 0.18 0.48266166874999994 0.178 0.45829428281249995
7 0.268 0.48734770312500003 0.282 0.4807872546875 0.282 0.45829428281249995 0.272 0.45454545468749996 0.254 0.45829428281249995 0.252 0.47328959687500005 0.264 0.4789128390625 0.26 0.48734770312500003 0.268 0.48734770312500003
7 0.358 0.4751640109375 0.372 0.470477975 0.374 0.45829428281249995 0.372 0.45173383281249996 0.352 0.44517338281249996 0.344 0.446110590625 0.344 0.459231490625 0.348 0.470477975 0.358 0.4751640109375
7 0.194 0.44892221250000003 0.188 0.43955014062500003 0.16599999999999998 0.4348641046875 0.16399999999999998 0.42549203437500005 0.13799999999999998 0.426429240625 0.11399999999999999 0.446110590625 0.11599999999999999 0.453608246875 0.122 0.45079662656249997 0.194 0.44892221250000003
7 0.282 0.4573570765625 0.29 0.45454545468749996 0.274 0.4283036546875 0.252 0.4283036546875 0.24 0.43673851875 0.21600000000000003 0.44142455468749997 0.21200000000000002 0.446110590625 0.23399999999999999 0.45454545468749996 0.27 0.45173383281249996 0.282 0.4573570765625
7 0.274 0.452671040625 0.282 0.45641986875 0.282 0.4573570765625 0.286 0.45829428281249995 0.292 0.46579194062499996 0.29 0.466729146875 0.29 0.470477975 0.292 0.47328959687500005 0.296 0.4742268046875 0.304 0.47235239062499995 0.314 0.466729146875 0.316 0.45548266093749995 0.318 0.453608246875 0.318 0.446110590625 0.316 0.44329896875 0.31 0.4404873484375 0.304 0.4404873484375 0.302 0.43955014062500003 0.296 0.43955014062500003 0.292 0.4404873484375 0.29 0.4442361765625 0.272 0.44329896875 0.268 0.4442361765625 0.268 0.447047796875 0.272 0.452671040625 0.274 0.452671040625
118 0.5700000000000001 0.7066541703125 0.58 0.65698219375 0.5740000000000001 0.6185567015625 0.5 0.613870665625 0.476 0.6185567015625 0.42800000000000005 0.6194939078125 0.42000000000000004 0.62417994375 0.418 0.674789128125 0.42800000000000005 0.707591378125 0.516 0.7122774140625 0.5700000000000001 0.7066541703125
132 0.324 0.5923149015625 0.316 0.5641986875 0.3 0.5613870671875001 0.282 0.56326148125 0.27 0.5754451734375 0.268 0.5970009375 0.3 0.600749765625 0.31 0.6054358015625 0.324 0.5923149015625
114 0.22400000000000003 0.5173383312500001 0.22000000000000003 0.5051546390625 0.23399999999999999 0.49765698281250004 0.254 0.5023430171875 0.26 0.49765698281250004 0.26 0.4910965328125 0.21600000000000003 0.4714151828125 0.2 0.4686035609375 0.184 0.470477975 0.184 0.4779756328125 0.176 0.4817244609375 0.146 0.47985004687500005 0.132 0.4882849109375 0.134 0.5042174328125 0.154 0.5004686031250001 0.20400000000000001 0.5182755390625 0.22400000000000003 0.5173383312500001
138 0.144 0.640112465625 0.146 0.634489221875 0.16 0.63074039375 0.178 0.6391752578125 0.188 0.634489221875 0.23199999999999998 0.6373008437500001 0.246 0.63074039375 0.262 0.6298031859375001 0.282 0.6129334578125001 0.284 0.6016869734375 0.264 0.5895032796875 0.248 0.553889409375 0.152 0.55670103125 0.146 0.5754451734375 0.122 0.5970009375 0.136 0.640112465625 0.144 0.640112465625
138 0.736 0.614807871875 0.74 0.627928771875 0.762 0.6288659796875 0.768 0.634489221875 0.778 0.6298031859375001 0.798 0.634489221875 0.8039999999999999 0.6298031859375001 0.858 0.627928771875 0.858 0.613870665625 0.876 0.607310215625 0.844 0.5548266171875 0.8039999999999999 0.55670103125 0.788 0.55014058125 0.772 0.5576382375 0.748 0.55670103125 0.736 0.581068415625 0.732 0.59793814375 0.752 0.6082474234374999 0.752 0.6119962515624999 0.736 0.614807871875