7 0.472 0.44985941875 0.45199999999999996 0.447047796875 0.442 0.452671040625 0.44000000000000006 0.46298031875 0.45199999999999996 0.470477975 0.472 0.460168696875 0.472 0.44985941875
7 0.238 0.44985941875 0.22999999999999998 0.447047796875 0.21200000000000002 0.44892221250000003 0.21000000000000002 0.4676663546875 0.22999999999999998 0.4751640109375 0.24 0.4686035609375 0.238 0.44985941875
7 0.15 0.372071228125 0.16 0.36269915625000004 0.174 0.36269915625000004 0.184 0.3701968140625 0.19 0.3580131203125 0.178 0.34957825625 0.178 0.3411433921875 0.15 0.3411433921875 0.15 0.3533270859375 0.13999999999999999 0.36176195 0.144 0.36925960625 0.15 0.372071228125
7 0.324 0.3411433921875 0.302 0.3411433921875 0.298 0.3467666359375 0.272 0.35613870625 0.27 0.365510778125 0.29 0.36176195 0.35 0.365510778125 0.324 0.3411433921875
54 0.24 0.36176195 0.268 0.36269915625000004 0.27799999999999997 0.344892221875 0.258 0.31865042187500003 0.21400000000000002 0.32146204375 0.196 0.3298969078125 0.192 0.33833177187499996 0.202 0.3411433921875 0.21600000000000003 0.3673851921875 0.24 0.36176195
58 0.254 0.171508903125 0.21800000000000003 0.171508903125 0.202 0.167760075 0.188 0.16869728281250002 0.178 0.174320525 0.156 0.171508903125 0.142 0.198687909375 0.144 0.244611059375 0.264 0.24367385156250002 0.266 0.205248359375 0.254 0.171508903125
58 0.858 0.20149953125 0.8480000000000001 0.171508903125 0.796 0.1668228671875 0.748 0.170571696875 0.732 0.1968134953125 0.736 0.244611059375 0.8380000000000001 0.24835988750000002 0.8560000000000001 0.24367385156250002 0.858 0.20149953125
42 0.42800000000000005 0.18181818125 0.568 0.18181818125 0.58 0.15370196875 0.5780000000000001 0.0937207125 0.534 0.090909090625 0.526 0.0796626046875 0.492 0.07310215625000001 0.48200000000000004 0.0862230546875 0.426 0.09465791875 0.42000000000000004 0.0984067484375 0.42400000000000004 0.15182755312500001 0.43600000000000005 0.1724461109375 0.42800000000000005 0.18181818125
138 0.20400000000000001 0.6251171515625 0.20800000000000002 0.63074039375 0.21800000000000003 0.626991565625 0.264 0.627928771875 0.286 0.6091846296875 0.286 0.6016869734375 0.272 0.5970009375 0.256 0.5726335515625001 0.254 0.5548266171875 0.22999999999999998 0.5445173390625 0.182 0.5548266171875 0.152 0.55670103125 0.13999999999999999 0.5885660734375 0.122 0.59793814375 0.126 0.6157450796874999 0.20400000000000001 0.6251171515625
138 0.77 0.6363636359375 0.782 0.6316776 0.798 0.6363636359375 0.8539999999999999 0.63074039375 0.876 0.6091846296875 0.876 0.6016869734375 0.8640000000000001 0.59793814375 0.8460000000000001 0.5557638234375 0.744 0.55670103125 0.732 0.5876288656249999 0.712 0.59793814375 0.72 0.6223055296875 0.77 0.6363636359375
89 0.47400000000000003 0.5473289593749999 0.546 0.5435801312499999 0.568 0.5482661671875 0.5780000000000001 0.5454545453125 0.576 0.5079662609375 0.502 0.49578256718749997 0.48200000000000004 0.49578256718749997 0.476 0.499531396875 0.47000000000000003 0.5079662609375 0.47800000000000004 0.527647609375 0.47000000000000003 0.5398313031249999 0.47400000000000003 0.5473289593749999
114 0.238 0.5454545453125 0.25 0.5398313031249999 0.26 0.5445173390625 0.27599999999999997 0.5417057171875 0.274 0.5304592312499999 0.29 0.52389878125 0.31 0.5257731953125 0.312 0.5154639171875 0.244 0.49015932500000003 0.182 0.5210871609375001 0.188 0.533270853125 0.20600000000000002 0.5285848171875001 0.22400000000000003 0.5445173390625 0.238 0.5454545453125
132 0.068 0.57638238125 0.128 0.552952203125 0.10800000000000001 0.5435801312499999 0.096 0.5520149953125 0.062 0.5473289593749999 0.041999999999999996 0.552952203125 0.04 0.5726335515625001 0.054000000000000006 0.5876288656249999 0.064 0.5876288656249999 0.068 0.57638238125
118 0.47800000000000004 0.714151828125 0.5700000000000001 0.7066541703125 0.5820000000000001 0.6522961578124999 0.5740000000000001 0.6194939078125 0.54 0.61761949375 0.52 0.620431115625 0.49800000000000005 0.614807871875 0.48200000000000004 0.6185567015625 0.426 0.6194939078125 0.42000000000000004 0.6260543578125 0.418 0.673851921875 0.42800000000000005 0.7066541703125 0.462 0.7066541703125 0.47800000000000004 0.714151828125