25 0.80543933125 0.430528375 0.7698744765625001 0.4236790609375 0.715481171875 0.4256360078125 0.6861924687500001 0.45303326874999994 0.69037656875 0.467710371875 0.7196652718750001 0.4667318984375 0.7531380750000001 0.5 0.8284518828125 0.4970645796875 0.843096234375 0.4755381609375 0.8410041843749999 0.4628180046875 0.80543933125 0.430528375
54 0.5857740578125 0.381604696875 0.5774058578125 0.3757338546875 0.56694560625 0.3786692765625 0.56694560625 0.3864970640625 0.5815899578125 0.399217221875 0.5711297078124999 0.4256360078125 0.6066945609375 0.44716242656249994 0.6401673640625 0.4403131109375 0.6443514640625 0.42954990156250006 0.6338912140625 0.420743640625 0.6422594140625 0.394324853125 0.661087865625 0.3913894328125 0.661087865625 0.3786692765625 0.5857740578125 0.381604696875
7 0.49581590000000003 0.40606653593750003 0.49163179843749993 0.42270058749999995 0.5 0.42661448125 0.5209205015625 0.42270058749999995 0.5209205015625 0.40313111562500004 0.49581590000000003 0.40606653593750003
7 0.4895397484375 0.381604696875 0.4832635984375 0.398238746875 0.4895397484375 0.40313111562500004 0.5188284515625 0.40117416875 0.5167364015625 0.3806262234375 0.4895397484375 0.381604696875
58 0.23849372343750003 0.1712328765625 0.2364016734375 0.1565557734375 0.22175732187500002 0.15949119375 0.1966527203125 0.15264187812500002 0.1757322171875 0.1565557734375 0.1317991625 0.1555773 0.11924686250000001 0.1947162421875 0.12133891249999999 0.230919765625 0.1422594140625 0.234833659375 0.248953975 0.230919765625 0.251046025 0.18493150625000002 0.23849372343750003 0.1712328765625
58 0.8556485359374999 0.1555773 0.8012552296875001 0.15068493125 0.755230125 0.15459882656249999 0.7384937234375 0.18688845468749998 0.7405857734375 0.230919765625 0.7635983265624999 0.24168297500000002 0.851464434375 0.23679060624999998 0.8702928875 0.230919765625 0.8723849375 0.191780821875 0.8556485359374999 0.1555773
42 0.5188284515625 0.066536203125 0.5041841 0.05283757343749999 0.49372385 0.050880626562499996 0.466527196875 0.058708415624999996 0.45606694531249997 0.071428571875 0.412133890625 0.075342465625 0.41004184062500004 0.1389432484375 0.4288702921875 0.16829745625 0.56276150625 0.1653620359375 0.5606694562500001 0.1467710375 0.5732217578125 0.136007828125 0.5794979078125 0.080234834375 0.56694560625 0.0724070453125 0.5188284515625 0.066536203125
133 0.9163179921875001 0.566536203125 0.8619246859375 0.56849315 0.8640167359375001 0.580234834375 0.8891213390624999 0.5998043046875 0.8933054390624999 0.61643835625 0.9225941421874999 0.6105675140625 0.9414225937499999 0.5919765171875 0.93723849375 0.5782778859375 0.9163179921875001 0.566536203125
114 0.3619246859375 0.39334637968749997 0.351464434375 0.39334637968749997 0.30334727968749997 0.4148727984375 0.30962343125 0.4236790609375 0.34309623437500003 0.430528375 0.34937238437499996 0.43835616406250005 0.345188284375 0.45205479375 0.35983263593750003 0.4569471625 0.3891213390625 0.44911937343749997 0.3891213390625 0.42270058749999995 0.3619246859375 0.39334637968749997
89 0.600418409375 0.536203521875 0.531380753125 0.5469667312500001 0.5230125515624999 0.5518590999999999 0.529288703125 0.5636007828125 0.5209205015625 0.580234834375 0.5271966531250001 0.5870841484375 0.533472803125 0.5900195687500001 0.6317991625 0.59099804375 0.6359832640625 0.5508806265625 0.600418409375 0.536203521875
138 0.19246861875000001 0.5489236796875 0.1757322171875 0.5567514671875 0.148535565625 0.5547945203125 0.1317991625 0.557729940625 0.10041840937499999 0.6125244624999999 0.11506276093750001 0.62035225 0.12133891249999999 0.6340508812500001 0.1464435140625 0.636007828125 0.154811715625 0.6438356171875 0.163179915625 0.644814090625 0.1736401671875 0.637964775 0.213389121875 0.64187866875 0.223849371875 0.6350293546875 0.24476987499999997 0.6369863015624999 0.246861925 0.6409001953125 0.2594142265625 0.637964775 0.27196652656250003 0.59882583125 0.2405857734375 0.569471625 0.2405857734375 0.5596868890625 0.19246861875000001 0.5489236796875
138 0.851464434375 0.57338551875 0.851464434375 0.562622309375 0.8284518828125 0.549902153125 0.7866108781250001 0.54794520625 0.7531380750000001 0.5567514671875 0.7384937234375 0.6007827781249999 0.7196652718750001 0.60763209375 0.7405857734375 0.6330724078125 0.7949790796875 0.6350293546875 0.80543933125 0.639921721875 0.81171548125 0.6350293546875 0.8221757328124999 0.6350293546875 0.8284518828125 0.6409001953125 0.843096234375 0.6330724078125 0.8640167359375001 0.6320939328125 0.8682008375000001 0.6223091968750001 0.851464434375 0.61643835625 0.8493723843750001 0.6086105671875 0.8661087859375 0.5978473578125 0.8661087859375 0.5890410953125 0.851464434375 0.57338551875
119 0.5732217578125 0.623287671875 0.50209205 0.6154598828125 0.4895397484375 0.62035225 0.4184100421875 0.6223091968750001 0.41004184062500004 0.6604696671875 0.4184100421875 0.7103718203125 0.42677824218750005 0.7162426609375 0.4832635984375 0.7211350296875 0.5188284515625 0.7211350296875 0.535564853125 0.717221134375 0.5606694562500001 0.7191780828125001 0.5711297078124999 0.7103718203125 0.5815899578125 0.6702544031250001 0.5774058578125 0.6281800390625001 0.5732217578125 0.623287671875