42 0.5732217578125 0.05283757343749999 0.5271966531250001 0.050880626562499996 0.5083682015625001 0.034246575 0.4769874484375 0.041095890625 0.468619246875 0.051859100000000005 0.42050209218749995 0.05577299375 0.4142259421875 0.100782778125 0.43096234375 0.1477495109375 0.5083682015625001 0.1516634046875 0.5774058578125 0.1477495109375 0.5711297078124999 0.1301369859375 0.5857740578125 0.10371820000000001 0.5857740578125 0.058708415624999996 0.5732217578125 0.05283757343749999
58 0.24267782499999999 0.1369863015625 0.19246861875000001 0.13307240781250002 0.1757322171875 0.1369863015625 0.14016736406250002 0.1369863015625 0.1297071125 0.1653620359375 0.1297071125 0.213307240625 0.1736401671875 0.226027396875 0.2008368203125 0.21624266093750003 0.217573221875 0.21624266093750003 0.2405857734375 0.2230919765625 0.246861925 0.21624266093750003 0.2656903765625 0.2142857140625 0.2594142265625 0.1643835609375 0.24267782499999999 0.1369863015625
58 0.8640167359375001 0.1369863015625 0.8200836812500001 0.1369863015625 0.7991631796875 0.13209393281249998 0.7594142265625 0.1369863015625 0.7489539749999999 0.166340509375 0.7489539749999999 0.21135029374999997 0.7594142265625 0.2142857140625 0.8723849375 0.213307240625 0.8786610874999999 0.209393346875 0.8765690375 0.1673189828125 0.8640167359375001 0.1369863015625
25 0.7405857734375 0.44129158437499993 0.7133891218749999 0.4344422703125 0.68200836875 0.4344422703125 0.6443514640625 0.43542074375000006 0.6171548109375 0.4540117421875 0.6150627609375 0.4628180046875 0.6276150625 0.4667318984375 0.654811715625 0.49021526406250004 0.6861924687500001 0.5009784734375 0.69037656875 0.5088062625 0.7343096234375001 0.5048923671875001 0.755230125 0.49315068437500004 0.7635983265624999 0.48532289687499997 0.7594142265625 0.46086105625 0.7405857734375 0.44129158437499993
54 0.43933054374999997 0.35812133125 0.43305439375 0.3610567515625 0.4497907953125 0.39236790625 0.43723849374999996 0.40900195625 0.462343096875 0.40802348281249995 0.47907949843750003 0.4275929546875 0.48744769843749997 0.42270058749999995 0.5062761499999999 0.420743640625 0.5104602515625001 0.40900195625 0.49790795 0.394324853125 0.5041841 0.38747553749999997 0.5 0.3786692765625 0.531380753125 0.37279843437500004 0.5271966531250001 0.360078278125 0.43933054374999997 0.35812133125
7 0.3953974890625 0.3542074359375 0.3786610875 0.36790606718749996 0.3953974890625 0.376712328125 0.399581590625 0.390410959375 0.412133890625 0.390410959375 0.4225941421875 0.3825831703125 0.42050209218749995 0.3542074359375 0.3953974890625 0.3542074359375
7 0.3556485359375 0.3786692765625 0.341004184375 0.394324853125 0.3619246859375 0.40508806249999996 0.37656903750000004 0.40313111562500004 0.3828451890625 0.3786692765625 0.3556485359375 0.3786692765625
119 0.5794979078125 0.6046966734375 0.531380753125 0.6027397265625 0.5146443515625 0.5978473578125 0.49790795 0.5978473578125 0.4895397484375 0.6046966734375 0.4769874484375 0.605675146875 0.42468619218750003 0.6046966734375 0.4163179921875 0.637964775 0.4288702921875 0.695694715625 0.4811715484375 0.70254403125 0.529288703125 0.70254403125 0.537656903125 0.6976516640625 0.55648535625 0.6996086109374999 0.5774058578125 0.695694715625 0.587866109375 0.6634050874999999 0.5857740578125 0.614481409375 0.5794979078125 0.6046966734375
138 0.8640167359375001 0.5371819953125 0.8326359828125 0.536203521875 0.80962343125 0.5420743640625 0.7928870296875 0.536203521875 0.7698744765625001 0.536203521875 0.7384937234375 0.5812133078125 0.725941421875 0.5890410953125 0.7280334734375 0.5949119375 0.744769875 0.59882583125 0.7468619249999999 0.6135029359375 0.843096234375 0.6223091968750001 0.8702928875 0.6135029359375 0.8786610874999999 0.59882583125 0.8556485359374999 0.5890410953125 0.8744769874999999 0.579256359375 0.8744769874999999 0.5675146765625 0.8640167359375001 0.5371819953125
138 0.248953975 0.5523483359375 0.246861925 0.53913894375 0.22803347343749997 0.5313111546875 0.14016736406250002 0.53913894375 0.1066945609375 0.5900195687500001 0.1317991625 0.61643835625 0.19456066875 0.62035225 0.21129707187500002 0.61643835625 0.21966527187499998 0.6213307234375 0.251046025 0.614481409375 0.2594142265625 0.6037182 0.274058578125 0.59882583125 0.276150628125 0.5782778859375 0.248953975 0.5523483359375
114 0.276150628125 0.36790606718749996 0.25523012500000003 0.368884540625 0.213389121875 0.37964775 0.213389121875 0.3884540125 0.2322175734375 0.3953033265625 0.2405857734375 0.40435420781250003 0.2405857734375 0.419765165625 0.251046025 0.4275929546875 0.276150628125 0.42270058749999995 0.278242678125 0.41095890468749996 0.30543933125 0.40117416875 0.2907949796875 0.37769080312500003 0.276150628125 0.36790606718749996
89 0.6192468625 0.5136986296875 0.596234309375 0.5117416828125 0.5794979078125 0.5215264187499999 0.531380753125 0.532289628125 0.537656903125 0.549902153125 0.529288703125 0.5587084156250001 0.531380753125 0.56849315 0.5460251046875 0.5724070453125 0.5753138078125 0.569471625 0.6401673640625 0.5714285718750001 0.6464435140625 0.5655577296875001 0.6380753140625 0.5430528375 0.6422594140625 0.534246575 0.6192468625 0.5136986296875
145 0.7677824265625001 0.5117416828125 0.7322175734374999 0.5088062625 0.7615062765625 0.536203521875 0.784518828125 0.532289628125 0.776150628125 0.5166340515625001 0.7677824265625001 0.5117416828125
145 0.7092050203125 0.5029354203125 0.69037656875 0.5117416828125 0.69037656875 0.5225048921875 0.7071129703125 0.5332681015625 0.7196652718750001 0.5254403125 0.7175732218750001 0.5088062625 0.7092050203125 0.5029354203125
145 0.6464435140625 0.5107632093750001 0.6276150625 0.5156555765624999 0.6297071125 0.5254403125 0.6401673640625 0.5313111546875 0.6652719671875 0.528375734375 0.654811715625 0.5215264187499999 0.654811715625 0.5136986296875 0.6464435140625 0.5107632093750001
133 0.9351464437500001 0.553816046875 0.8786610874999999 0.5567514671875 0.8744769874999999 0.5596868890625 0.8786610874999999 0.5724070453125 0.899581590625 0.5763209390624999 0.9163179921875001 0.6007827781249999 0.9288702921875001 0.6037182 0.93723849375 0.596868884375 0.962343096875 0.5919765171875 0.9644351468749999 0.57338551875 0.9518828453125 0.5606653625 0.9351464437500001 0.553816046875