23 0.92105263125 0.33617424218749997 0.9008097171875 0.33617424218749997 0.8724696359375 0.347537878125 0.8684210531250001 0.357007575 0.8805668015625001 0.378787878125 0.906882590625 0.36931818125000004 0.9331983812500001 0.36931818125000004 0.92712550625 0.339962121875 0.92105263125 0.33617424218749997
54 0.7429149796875001 0.3863636359375 0.7408906875 0.392992425 0.7651821859375 0.396780303125 0.7651821859375 0.4071969703125 0.7469635625 0.42045454531250004 0.7348178140625 0.41856060624999997 0.732793521875 0.42140151562500006 0.767206478125 0.43181818125 0.805668015625 0.43181818125 0.7995951421874999 0.4053030296875 0.8076923078125 0.396780303125 0.8259109312499999 0.392992425 0.8238866390625 0.38352272656249997 0.7429149796875001 0.3863636359375
12 0.906882590625 0.44886363593749995 0.8684210531250001 0.450757575 0.8481781375 0.441287878125 0.846153846875 0.43087121249999993 0.8400809718750001 0.4299242421875 0.7935222671875 0.434659090625 0.7753036437499999 0.433712121875 0.76923076875 0.42897727343750003 0.7570850203124999 0.434659090625 0.7570850203124999 0.4393939390625 0.7732793515624999 0.440340909375 0.7793522265624999 0.446969696875 0.7591093125 0.4706439390625 0.7793522265624999 0.49431818125 0.8076923078125 0.49337121249999993 0.834008096875 0.5028409093749999 0.8481781375 0.497159090625 0.846153846875 0.482007575 0.9048583000000001 0.465909090625 0.9149797578125 0.46022727343750003 0.9149797578125 0.45265151562500006 0.906882590625 0.44886363593749995
8 0.88259109375 0.5009469703125 0.8603238859375001 0.4990530296875 0.8481781375 0.4990530296875 0.8299595140625 0.5056818187500001 0.8238866390625 0.51893939375 0.8360323890625001 0.540719696875 0.862348178125 0.544507575 0.8886639671875001 0.5369318187500001 0.9008097171875 0.5227272734375 0.896761134375 0.5085227265625 0.88259109375 0.5009469703125
58 0.8542510125 0.1647727265625 0.834008096875 0.1628787875 0.817813765625 0.16856060625 0.7975708499999999 0.16193181875 0.7550607281249999 0.1638257578125 0.7408906875 0.2017045453125 0.7429149796875001 0.23768939375000003 0.767206478125 0.2452651515625 0.7793522265624999 0.24053030312499998 0.862348178125 0.23958333281250002 0.8704453437499999 0.22443181874999998 0.8684210531250001 0.19696969687500002 0.8542510125 0.1647727265625
58 0.2510121453125 0.1638257578125 0.2348178140625 0.16571969687500002 0.20445344062499998 0.160037878125 0.15182186250000002 0.16571969687500002 0.1417004046875 0.1941287875 0.1396761140625 0.234848484375 0.17206477656250002 0.24905302968749998 0.232793521875 0.24053030312499998 0.255060728125 0.2481060609375 0.2591093125 0.24053030312499998 0.27530364375 0.23958333281250002 0.2732793515625 0.2102272734375 0.2510121453125 0.1638257578125
42 0.5445344125 0.0852272734375 0.5263157890625 0.07954545468749999 0.520242915625 0.0700757578125 0.491902834375 0.0700757578125 0.47773279375 0.08333333281250001 0.4251012140625 0.0861742421875 0.42105263125 0.140151515625 0.43319838125 0.15909090937499998 0.43319838125 0.17518939375 0.4453441296875 0.17803030312499998 0.5850202421875 0.17518939375 0.5688259109375 0.1628787875 0.5850202421875 0.1335227265625 0.5850202421875 0.090909090625 0.5769230765625 0.0852272734375 0.5445344125 0.0852272734375
119 0.5809716593750001 0.6183712124999999 0.5344129546875 0.6164772734375 0.506072875 0.6098484843749999 0.491902834375 0.6164772734375 0.429149796875 0.6174242421875 0.4230769234375 0.652462121875 0.43522267187499997 0.705492425 0.479757084375 0.709280303125 0.485829959375 0.7130681812499999 0.530364371875 0.7121212124999999 0.5769230765625 0.7045454546875 0.57894736875 0.6808712124999999 0.587044534375 0.6714015156250001 0.5850202421875 0.6297348484375 0.5809716593750001 0.6183712124999999
138 0.8481781375 0.5520833328125 0.8137651828125 0.5577651515625 0.7935222671875 0.553030303125 0.783400809375 0.5558712124999999 0.7530364375 0.5539772734375 0.73076923125 0.5965909093749999 0.7206477734375001 0.6022727265625 0.7429149796875001 0.6278409093749999 0.834008096875 0.634469696875 0.846153846875 0.628787878125 0.862348178125 0.6297348484375 0.862348178125 0.6259469703125 0.8724696359375 0.625 0.8866396765625 0.6098484843749999 0.8866396765625 0.5946969703125 0.8684210531250001 0.5880681812499999 0.8724696359375 0.5823863640625 0.8603238859375001 0.571969696875 0.8582995953125 0.5568181812499999 0.8481781375 0.5520833328125
138 0.232793521875 0.553030303125 0.2125506078125 0.5464015156250001 0.1983805671875 0.5558712124999999 0.17611336093750002 0.5520833328125 0.153846153125 0.5539772734375 0.131578946875 0.5965909093749999 0.121457490625 0.6013257578125 0.1457489875 0.6278409093749999 0.1923076921875 0.6278409093749999 0.20647773281249998 0.6325757578125 0.210526315625 0.6278409093749999 0.232793521875 0.6325757578125 0.2631578953125 0.6240530296875 0.2732793515625 0.611742425 0.2854251015625 0.6089015156250001 0.2874493921875 0.5956439390625 0.2570850203125 0.5625 0.2570850203125 0.5549242421875 0.232793521875 0.553030303125
132 0.9574898781250001 0.5265151515625 0.9433198375 0.5331439390625 0.9230769234375 0.5331439390625 0.9149797578125 0.5265151515625 0.906882590625 0.5265151515625 0.8947368421874999 0.5331439390625 0.941295546875 0.5558712124999999 0.9595141703125 0.5729166671875 0.9676113359375 0.571969696875 0.9777327937500001 0.5549242421875 0.979757084375 0.53125 0.9574898781250001 0.5265151515625
114 0.7530364375 0.446969696875 0.694331984375 0.45170454531250004 0.6761133609375001 0.459280303125 0.6720647765625001 0.4734848484375 0.708502025 0.47727272656249997 0.7267206484375001 0.497159090625 0.7510121453124999 0.4990530296875 0.761133603125 0.478219696875 0.7530364375 0.4668560609375 0.7712550609375 0.459280303125 0.76923076875 0.45265151562500006 0.7530364375 0.446969696875