7 0.479508196875 0.14272030625 0.45696721250000005 0.14367816093750002 0.45696721250000005 0.1657088125 0.48155737656250003 0.163793103125 0.4856557375 0.1494252875 0.479508196875 0.14272030625
54 0.6864754093750001 0.0852490421875 0.653688525 0.0842911875 0.6147540984375001 0.092911878125 0.604508196875 0.12547892656249998 0.6147540984375001 0.1369731796875 0.6680327875 0.135057471875 0.6680327875 0.1302682 0.65163934375 0.1226053640625 0.65163934375 0.11494252812500001 0.6762295078125 0.1111111109375 0.6762295078125 0.10632183906249999 0.6987704921875 0.0948275859375 0.6967213109375 0.0900383140625 0.6864754093750001 0.0852490421875
7 0.659836065625 0.11206896562499999 0.65163934375 0.11494252812500001 0.6577868859375 0.135057471875 0.68032786875 0.13409961718750002 0.6926229515625 0.12931034531250002 0.69467213125 0.12643678125 0.6782786890625 0.12164750937499999 0.6782786890625 0.11398467500000001 0.659836065625 0.11206896562499999
58 0.2540983609375 0.1580459765625 0.20491803281249998 0.154214559375 0.188524590625 0.1580459765625 0.15368852500000002 0.1580459765625 0.1413934421875 0.196360153125 0.1434426234375 0.2327586203125 0.18032786875 0.24329501874999998 0.20901639374999997 0.24137931093749998 0.21516393437499998 0.235632184375 0.22745901562499998 0.23467432968750002 0.2540983609375 0.24042145625 0.26229508125 0.23371647499999998 0.27663934375 0.23371647499999998 0.272540984375 0.1954022984375 0.2540983609375 0.1580459765625
58 0.8627049187500001 0.1580459765625 0.813524590625 0.15900383125 0.7991803281250001 0.15517241406249999 0.76229508125 0.1580459765625 0.75 0.1877394640625 0.75 0.2308429125 0.758196721875 0.23371647499999998 0.8729508203125 0.2327586203125 0.875 0.1877394640625 0.8627049187500001 0.1580459765625
42 0.5327868859375 0.07471264375 0.5143442625 0.058429118749999995 0.4836065578125 0.0651341 0.45833401562500004 0.076628353125 0.4282786890625 0.07854406093750001 0.424180328125 0.1273946359375 0.4405737703125 0.168582375 0.5819672125 0.168582375 0.5737704921875 0.1494252875 0.5860655734375 0.1369731796875 0.590163934375 0.08333333281250001 0.5758196718749999 0.076628353125 0.5327868859375 0.07471264375
145 0.3770491796875 0.6791187734374999 0.403688525 0.7040229890624999 0.4323770484375 0.696360153125 0.424180328125 0.6819923375 0.3770491796875 0.6791187734374999
145 0.625 0.6848658999999999 0.616803278125 0.6800766281249999 0.6004098359375 0.6819923375 0.5922131140625 0.696360153125 0.618852459375 0.6992337171874999 0.653688525 0.6848658999999999 0.6495901640625 0.6819923375 0.625 0.6848658999999999
138 0.8360655734375 0.548850575 0.7602459015624999 0.5507662828125001 0.756147540625 0.5708812265625001 0.7479508203125 0.576628353125 0.75 0.6254789265625 0.7930327875 0.6273946359375 0.811475409375 0.6321839078125 0.8299180328125001 0.62643678125 0.8422131140625 0.6331417625 0.868852459375 0.6254789265625 0.881147540625 0.61015325625 0.8913934421875 0.612068965625 0.8954918031249999 0.5938697312500001 0.8647540984375001 0.5517241375 0.8360655734375 0.548850575
138 0.23770491875 0.5517241375 0.2336065578125 0.5478927203125 0.1905737703125 0.5555555562500001 0.1762295078125 0.5507662828125001 0.15368852500000002 0.5517241375 0.13729508125 0.5967432953125 0.1393442625 0.62356321875 0.145491803125 0.62643678125 0.20286885312499997 0.6321839078125 0.21516393437499998 0.628352490625 0.2336065578125 0.6321839078125 0.272540984375 0.6197318 0.29098360625 0.5948275859375001 0.258196721875 0.5603448281250001 0.258196721875 0.5526819921875 0.23770491875 0.5517241375
118 0.5860655734375 0.6159003828125 0.5102459015624999 0.61015325625 0.4856557375 0.6168582375 0.4323770484375 0.614942528125 0.4282786890625 0.6561302687499999 0.4692622953125 0.6628352484375 0.5573770484375 0.657088121875 0.5881147546875 0.6618773953125 0.590163934375 0.621647509375 0.5860655734375 0.6159003828125