25 0.6578947375 0.4384469703125 0.5991902828125 0.4365530296875 0.5344129546875 0.47537878750000007 0.5384615390625 0.48863636406250005 0.5587044531250001 0.503787878125 0.5809716593750001 0.5085227265625 0.615384615625 0.5075757578125 0.621457490625 0.5113636359375 0.6497975703125001 0.5075757578125 0.6518218625000001 0.503787878125 0.6356275296875 0.49337121249999993 0.643724696875 0.48863636406250005 0.6578947375 0.48295454531250004 0.6963562750000001 0.48295454531250004 0.6983805671875001 0.48011363593749995 0.6983805671875001 0.471590909375 0.68016194375 0.4611742421875 0.6740890687500001 0.44602272656249997 0.6578947375 0.4384469703125
54 0.7813765187499999 0.4109848484375 0.7651821859375 0.41193181875 0.761133603125 0.42518939375000003 0.761133603125 0.4327651515625 0.783400809375 0.4384469703125 0.789473684375 0.450757575 0.7995951421874999 0.44981060624999997 0.805668015625 0.434659090625 0.795546559375 0.4270833328125 0.795546559375 0.41477272656249997 0.7813765187499999 0.4109848484375
58 0.8421052625 0.1638257578125 0.7449392718750001 0.1638257578125 0.73076923125 0.1979166671875 0.732793521875 0.236742425 0.7489878546875001 0.23958333281250002 0.8522267203125 0.2386363640625 0.8582995953125 0.2357954546875 0.8582995953125 0.1950757578125 0.8421052625 0.1638257578125
58 0.2429149796875 0.1638257578125 0.19433198437500002 0.160037878125 0.188259109375 0.1638257578125 0.143724696875 0.1638257578125 0.1336032390625 0.1922348484375 0.1336032390625 0.23768939375000003 0.1700404859375 0.2481060609375 0.18218623437499998 0.23958333281250002 0.238866396875 0.24242424218749997 0.2591093125 0.23768939375000003 0.2591093125 0.19034090937499998 0.2429149796875 0.1638257578125
42 0.5242914984375 0.07954545468749999 0.506072875 0.0643939390625 0.491902834375 0.0643939390625 0.47165991875 0.0691287875 0.45951417031249997 0.0823863640625 0.41497975781249996 0.0852272734375 0.41093117343749996 0.1363636359375 0.4251012140625 0.174242425 0.56680161875 0.174242425 0.5587044531250001 0.1628787875 0.570850203125 0.1448863640625 0.5748987859375 0.089962121875 0.56680161875 0.0852272734375 0.5242914984375 0.07954545468749999
7 0.8441295546875001 0.450757575 0.8198380562500001 0.45359848437499994 0.817813765625 0.478219696875 0.8360323890625001 0.478219696875 0.8481781375 0.4734848484375 0.8481781375 0.45454545468749996 0.8441295546875001 0.450757575
7 0.7246963562500001 0.44981060624999997 0.7145748984375 0.45359848437499994 0.7145748984375 0.4763257578125 0.7287449390625 0.48295454531250004 0.7368421046875 0.48295454531250004 0.732793521875 0.47443181875 0.7449392718750001 0.46875 0.7429149796875001 0.45359848437499994 0.7246963562500001 0.44981060624999997
7 0.62348178125 0.446969696875 0.621457490625 0.45359848437499994 0.62348178125 0.465909090625 0.637651821875 0.4706439390625 0.6477732796875 0.465909090625 0.6518218625000001 0.45454545468749996 0.6518218625000001 0.441287878125 0.643724696875 0.440340909375 0.62348178125 0.446969696875
7 0.834008096875 0.42045454531250004 0.83198380625 0.4299242421875 0.8097165984375 0.434659090625 0.803643725 0.44412878750000007 0.87651821875 0.44602272656249997 0.88259109375 0.44886363593749995 0.8846153843750001 0.441287878125 0.8603238859375001 0.42140151562500006 0.834008096875 0.42045454531250004
7 0.7570850203124999 0.43181818125 0.7449392718750001 0.42329545468749996 0.7226720640625001 0.42329545468749996 0.7064777328125 0.44981060624999997 0.7145748984375 0.45265151562500006 0.7267206484375001 0.446969696875 0.7631578953125 0.44981060624999997 0.7854251015625 0.441287878125 0.7813765187499999 0.4365530296875 0.7570850203124999 0.43181818125
7 0.7064777328125 0.4393939390625 0.704453440625 0.4356060609375 0.7004048578125001 0.434659090625 0.694331984375 0.434659090625 0.6923076921875 0.4356060609375 0.6862348171875 0.4356060609375 0.68016194375 0.4384469703125 0.6781376515625 0.441287878125 0.6781376515625 0.44886363593749995 0.68016194375 0.450757575 0.682186234375 0.46212121249999993 0.6923076921875 0.4678030296875 0.7004048578125001 0.4696969703125 0.704453440625 0.46875 0.7064777328125 0.465909090625 0.7064777328125 0.46212121249999993 0.704453440625 0.4611742421875 0.710526315625 0.45359848437499994 0.7145748984375 0.45265151562500006 0.7145748984375 0.45170454531250004 0.7226720640625001 0.4479166671875 0.7246963562500001 0.4479166671875 0.7287449390625 0.4422348484375 0.7287449390625 0.4393939390625 0.7246963562500001 0.4384469703125 0.7064777328125 0.4393939390625
118 0.56680161875 0.6164772734375 0.5182186234375 0.615530303125 0.493927125 0.6107954546875 0.419028340625 0.615530303125 0.41295546562499996 0.6543560609375 0.4230769234375 0.7045454546875 0.47773279375 0.7102272734375 0.56680161875 0.705492425 0.5769230765625 0.6723484843749999 0.5748987859375 0.621212121875 0.56680161875 0.6164772734375
132 0.7145748984375 0.5596590906250001 0.6963562750000001 0.5577651515625 0.68016194375 0.5606060609375 0.6720647765625001 0.5890151515625 0.6862348171875 0.6022727265625 0.6963562750000001 0.597537878125 0.7287449390625 0.59375 0.7267206484375001 0.571969696875 0.7145748984375 0.5596590906250001
114 0.8522267203125 0.47537878750000007 0.8218623484375 0.47727272656249997 0.8137651828125 0.4734848484375 0.8137651828125 0.465909090625 0.7975708499999999 0.4640151515625 0.7813765187499999 0.4668560609375 0.7368421046875 0.486742425 0.7368421046875 0.49337121249999993 0.7429149796875001 0.4981060609375 0.7631578953125 0.49337121249999993 0.7773279359374999 0.5009469703125 0.7732793515624999 0.513257575 0.7935222671875 0.5142045453125 0.8441295546875001 0.496212121875 0.8643724703125001 0.5 0.8663967609375 0.48390151562500006 0.8522267203125 0.47537878750000007
138 0.7489878546875001 0.55018939375 0.732793521875 0.5861742421875 0.7125506078125 0.5984848484375 0.7145748984375 0.6098484843749999 0.7348178140625 0.6268939390625 0.7510121453124999 0.6278409093749999 0.7651821859375 0.634469696875 0.8097165984375 0.6316287875000001 0.8198380562500001 0.6363636359375 0.8380566796875 0.6278409093749999 0.8522267203125 0.6316287875000001 0.8542510125 0.63731060625 0.862348178125 0.63731060625 0.87651821875 0.59375 0.8522267203125 0.571969696875 0.846153846875 0.553030303125 0.7489878546875001 0.55018939375
138 0.2429149796875 0.553030303125 0.21862348125 0.5539772734375 0.20242915 0.5464015156250001 0.18623481718749998 0.553030303125 0.1457489875 0.5511363640625 0.1133603234375 0.6041666671875 0.131578946875 0.6107954546875 0.131578946875 0.625 0.18623481718749998 0.6268939390625 0.1923076921875 0.6316287875000001 0.2125506078125 0.6268939390625 0.2226720640625 0.6316287875000001 0.22874493906249999 0.6259469703125 0.2510121453125 0.625 0.255060728125 0.611742425 0.238866396875 0.6089015156250001 0.238866396875 0.6051136359375 0.2591093125 0.5946969703125 0.255060728125 0.5776515156250001 0.2429149796875 0.553030303125