58 0.8553719015624999 0.1783625734375 0.853305784375 0.161793371875 0.8057851234375001 0.1471734890625 0.768595040625 0.16081871406249998 0.75 0.1578947375 0.735537190625 0.19298245625 0.73760330625 0.235867446875 0.756198346875 0.23976608124999998 0.8615702484375 0.2368421046875 0.8677685953125 0.23001949375000003 0.8657024796874999 0.18615984375 0.8553719015624999 0.1783625734375
58 0.23553719062499998 0.161793371875 0.2024793390625 0.1530214421875 0.1859504125 0.15984405468750001 0.1342975203125 0.1588693953125 0.1198347109375 0.192007796875 0.12190082656250001 0.235867446875 0.13842975156249998 0.23976608124999998 0.24586776875 0.2368421046875 0.25206611562500003 0.23099415156249997 0.25 0.18615984375 0.23553719062499998 0.161793371875
42 0.5619834703125 0.07699805 0.5289256203125 0.07699805 0.516528925 0.073099415625 0.51239669375 0.06335282656249999 0.48347107500000003 0.061403509375 0.47314049531249996 0.06335282656249999 0.4710743796875 0.073099415625 0.4566115703125 0.077972709375 0.42355371875000003 0.07602339218750001 0.41115702499999995 0.07894736875 0.40702479374999995 0.138401559375 0.4194214875 0.1530214421875 0.421487603125 0.1705653015625 0.5392561984375 0.17348927812499998 0.5640495875 0.168615984375 0.5599173546875 0.15594541875 0.5743801656249999 0.1306042890625 0.57231405 0.082846003125 0.5619834703125 0.07699805
54 0.5582190078125 0.2733703703125 0.561462809375 0.269846978125 0.5601652890625 0.265099415625 0.55497520625 0.25973879218749996 0.545894628125 0.25545029218750004 0.5465433890625 0.243043859375 0.542002065625 0.24044054531249998 0.5267582640625 0.2378362578125 0.503080578125 0.2387553609375 0.49464669375000003 0.241206628125 0.493673553125 0.25483723125 0.489458678125 0.25713547812500004 0.47972727343750005 0.2574415203125 0.46026652968750004 0.2565224171875 0.44599586718750006 0.2545311890625 0.43821280937499996 0.25483723125 0.43756405000000004 0.2592797265625 0.45313223125 0.26173001875 0.4664297515625 0.26816276875 0.48653925625000005 0.268774853125 0.4852417359375 0.275667640625 0.4884855375 0.27873099375 0.4917293390625 0.2753615984375 0.497566115625 0.2713791421875 0.505026859375 0.2696939578125 0.505026859375 0.26816276875 0.505026859375 0.265712475 0.51443181875 0.263721246875 0.522541321875 0.2632612078125 0.528380165625 0.265712475 0.5316219015625 0.270000975 0.5381095046875 0.2713791421875 0.5491363640625 0.27612670625 0.5517314046874999 0.28210039062500003 0.5575702484375 0.2825594546875 0.561787190625 0.2794970765625 0.5780041328125 0.2813343078125 0.5777541328125 0.27497563281250004 0.5582190078125 0.2733703703125
141 0.7747933890625001 0.2787524359375 0.7603305781249999 0.2787524359375 0.7272727265625 0.288499025 0.7128099171875 0.2729044828125 0.7128099171875 0.30214425 0.73760330625 0.3109161796875 0.7458677687499999 0.3352826515625 0.7892561984375 0.33040935625 0.8099173546875 0.31968810937500003 0.8078512390625001 0.2933723203125 0.7747933890625001 0.2787524359375
92 0.8925619828125001 0.39766081875000003 0.8595041328124999 0.4005847953125 0.845041321875 0.422027290625 0.853305784375 0.4366471734375 0.8780991734375 0.43469785625 0.90702479375 0.44152046718750004 0.8946280984375001 0.4161793375 0.896694215625 0.4015594546875 0.8925619828125001 0.39766081875000003
134 0.8760330578125 0.3518518515625 0.8471074375000001 0.3528265109375 0.828512396875 0.348927875 0.7975206609375001 0.3538011703125 0.7809917359375 0.35087719375000004 0.76239669375 0.354775828125 0.7603305781249999 0.36549707656249997 0.7851239671875 0.3752436640625 0.7975206609375001 0.39766081875000003 0.8099173546875 0.4005847953125 0.8161157031249999 0.3947368421875 0.8409090906250001 0.392787525 0.8595041328124999 0.3840155953125 0.8863636359375 0.3791423 0.896694215625 0.3596491234375 0.8760330578125 0.3518518515625
81 0.7231404953125 0.39376218281250003 0.6880165296875 0.4054580890625 0.679752065625 0.42592592656250006 0.6983471078125 0.43957115 0.7252066109374999 0.43469785625 0.743801653125 0.42300195 0.747933884375 0.4132553609375 0.7396694218750001 0.4015594546875 0.7231404953125 0.39376218281250003
138 0.8512396687500001 0.56042885 0.7954545453125 0.5526315796875 0.747933884375 0.56042885 0.7128099171875 0.6120857703125 0.73760330625 0.6374269 0.7830578515625 0.6374269 0.7995867765625 0.643274853125 0.81818181875 0.638401559375 0.828512396875 0.643274853125 0.836776859375 0.638401559375 0.8657024796874999 0.6345029234374999 0.8842975203125001 0.619883040625 0.8863636359375 0.6052631578125001 0.8657024796874999 0.5750487328125 0.8512396687500001 0.56042885
138 0.18181818125 0.5575048734375 0.17975206562499998 0.554580896875 0.1322314046875 0.561403509375 0.1280991734375 0.5818713453125001 0.1115702484375 0.6052631578125001 0.10123966874999998 0.60916179375 0.12190082656250001 0.6374269 0.146694215625 0.6413255359375001 0.154958678125 0.6364522421875 0.167355371875 0.6374269 0.18181818125 0.645224171875 0.1921487609375 0.6403508765625 0.21280991718750003 0.6442495125 0.22107437968750002 0.638401559375 0.24380165312500002 0.638401559375 0.25206611562500003 0.6267056531249999 0.268595040625 0.6208577 0.27066115625 0.6052631578125001 0.239669421875 0.5740740734374999 0.23760330624999998 0.5623781671875 0.18181818125 0.5575048734375
119 0.5681818187500001 0.6276803125 0.5392561984375 0.6267056531249999 0.5309917359375 0.6306042890625 0.5082644625 0.621832359375 0.4710743796875 0.6306042890625 0.45454545468749996 0.6267056531249999 0.41528925625 0.6276803125 0.409090909375 0.6744639375 0.421487603125 0.7183235875 0.46280991718750003 0.7202729046874999 0.47314049531249996 0.7251461984375001 0.516528925 0.7251461984375001 0.566115703125 0.7183235875 0.57644628125 0.687134503125 0.5743801656249999 0.6354775828125 0.5681818187500001 0.6276803125
84 0.167355371875 0.28362573125 0.150826446875 0.2865497078125 0.1322314046875 0.2972709546875 0.13842975156249998 0.3226120859375 0.1322314046875 0.33430799218749996 0.161157025 0.36744639375 0.16528925625 0.36354775781250004 0.1942148765625 0.366471734375 0.1880165296875 0.34697855781250003 0.2024793390625 0.336257309375 0.1942148765625 0.3216374265625 0.2066115703125 0.2972709546875 0.2024793390625 0.2933723203125 0.167355371875 0.28362573125