7 0.5477178421875 0.44844357968750004 0.5269709546875 0.45136186718750004 0.5269709546875 0.46206225625 0.5477178421875 0.47276264531249995 0.560165975 0.46498054531250005 0.5580912859375 0.45428015625 0.5477178421875 0.44844357968750004
7 0.7780082984375001 0.44844357968750004 0.76970954375 0.45136186718750004 0.7676348546875 0.47081712031249995 0.7780082984375001 0.477626459375 0.7987551875000001 0.46984435781249995 0.7966804984375 0.45038910468750004 0.7780082984375001 0.44844357968750004
7 0.8319502078125 0.3385214 0.8319502078125 0.3472762640625 0.8195020749999999 0.35603112812500004 0.825726140625 0.36867704218749997 0.8360995843750001 0.36089494218749996 0.85062240625 0.36089494218749996 0.8609958499999999 0.37062256875 0.8672199171875 0.36770427968749997 0.8713692953125 0.3599221796875 0.8609958499999999 0.35116731562500003 0.8609958499999999 0.3385214 0.8319502078125 0.3385214
7 0.7074688796874999 0.3443579765625 0.7033195015625 0.3385214 0.680497925 0.3385214 0.6535269703125001 0.36381322968749996 0.715767634375 0.3599221796875 0.7365145234375 0.36381322968749996 0.734439834375 0.35408560312500004 0.7074688796874999 0.3443579765625
54 0.7946058093749999 0.31809338593750003 0.74896265625 0.315175096875 0.7282157671875 0.3424124515625 0.7385892109375 0.36089494218749996 0.7676348546875 0.3599221796875 0.7925311203125001 0.36575875468749997 0.8070539421875 0.3385214 0.8174273859375001 0.33560311249999997 0.8132780078125 0.32684824843750004 0.7946058093749999 0.31809338593750003
58 0.854771784375 0.1624513625 0.8319502078125 0.16536964999999998 0.8215767640625 0.1595330734375 0.8070539421875 0.1585603109375 0.79045643125 0.1624513625 0.7531120328124999 0.1624513625 0.7406639 0.19747081718749998 0.7427385890625 0.2373540859375 0.8672199171875 0.2383268484375 0.8692946062500001 0.190661478125 0.854771784375 0.1624513625
58 0.24066390000000001 0.1614786 0.19087136875 0.1575875484375 0.1369294609375 0.1624513625 0.1265560171875 0.1935797671875 0.12863070468749999 0.2373540859375 0.1473029046875 0.2422178984375 0.2531120328125 0.2383268484375 0.2572614109375 0.188715953125 0.24066390000000001 0.1614786
42 0.5165975109375001 0.07392996093750001 0.506224065625 0.060311284374999996 0.47095435625000004 0.067120621875 0.46265560156249996 0.078793775 0.4170124484375 0.0817120625 0.414937759375 0.14396887187500002 0.4273858921875 0.1731517515625 0.5726141078125 0.1731517515625 0.564315353125 0.163424125 0.5767634859374999 0.142023346875 0.5809128625 0.086575875 0.5746887968750001 0.08268482499999999 0.5165975109375001 0.07392996093750001
138 0.8278008296875001 0.560311284375 0.7780082984375001 0.5496108953125 0.7531120328124999 0.560311284375 0.75103734375 0.5787937750000001 0.734439834375 0.6040856031249999 0.7199170125000001 0.6089494156249999 0.7199170125000001 0.6167315171875 0.7427385890625 0.6361867703125 0.79045643125 0.6352140078125 0.800829875 0.6391050578125 0.8049792531250001 0.6332684828125 0.885892115625 0.62354085625 0.8900414937500001 0.6050583656249999 0.8713692953125 0.5953307390625 0.8589211625000001 0.562256809375 0.8278008296875001 0.560311284375
138 0.13900415 0.561284046875 0.12033195000000001 0.6050583656249999 0.1078838171875 0.6089494156249999 0.1078838171875 0.6167315171875 0.13070539375 0.6391050578125 0.18879668125 0.6449416343750001 0.205394190625 0.6400778203125 0.21784232343749999 0.6449416343750001 0.26970954375 0.6303501953125 0.27800829843749997 0.6050583656249999 0.2572614109375 0.5943579765625 0.244813278125 0.562256809375 0.13900415 0.561284046875
89 0.5165975109375001 0.4990272375 0.495850621875 0.4990272375 0.41908713750000004 0.5116731515625 0.4170124484375 0.5505836578125 0.4273858921875 0.5535019453125 0.45020746875000006 0.5486381328125 0.524896265625 0.5525291828125 0.52904564375 0.5447470812499999 0.5207468875 0.5321011671875 0.52904564375 0.5116731515625 0.5228215765625001 0.5029182875 0.5165975109375001 0.4990272375
114 0.7634854765625 0.49319066093749997 0.6929460578125 0.5194552531250001 0.695020746875 0.5301556421875 0.715767634375 0.5282101171875 0.7323651453125 0.5350194546875 0.73029045625 0.5466926062499999 0.7468879671875001 0.5496108953125 0.7572614109375 0.5447470812499999 0.76970954375 0.5505836578125 0.784232365625 0.5496108953125 0.8029045640625 0.5330739296875 0.8215767640625 0.5379377437499999 0.8278008296875001 0.5252918281250001 0.7634854765625 0.49319066093749997
132 0.9522821578125 0.5525291828125 0.9170124484375 0.557392996875 0.904564315625 0.5486381328125 0.883817428125 0.558365759375 0.946058090625 0.5826848250000001 0.9502074687500001 0.5943579765625 0.9605809125 0.5943579765625 0.975103734375 0.5787937750000001 0.9730290453125001 0.558365759375 0.9522821578125 0.5525291828125
118 0.5746887968750001 0.62743190625 0.5165975109375001 0.62645914375 0.5 0.62256809375 0.47717842343749994 0.62840466875 0.45643153593749997 0.62548638125 0.421161825 0.62743190625 0.4128630703125 0.6614785999999999 0.425311203125 0.7178988328125 0.5207468875 0.7256809343749999 0.5373443984375 0.7178988328125 0.5726141078125 0.7178988328125 0.5829875515625 0.683852140625 0.5809128625 0.6342412453125 0.5746887968750001 0.62743190625