7 0.6975308640625 0.31502890156249996 0.6954732515625001 0.307321771875 0.6748971187499999 0.30635838125000003 0.6584362140625 0.316955684375 0.6481481484375 0.31599229218749997 0.63580246875 0.32177263906250003 0.683127571875 0.32947976875 0.720164609375 0.32273603125 0.7181069953125 0.317919075 0.6975308640625 0.31502890156249996
7 0.7921810703125 0.2803468203125 0.777777778125 0.2851637765625 0.777777778125 0.29865125312499996 0.7860082296875001 0.30635838125000003 0.8045267484374999 0.3025048171875 0.8045267484374999 0.28323699375 0.7921810703125 0.2803468203125
7 0.2860082296875 0.43737957656250004 0.2736625515625 0.457610790625 0.27777777812500004 0.46146435468749997 0.28806584375 0.457610790625 0.3065843625 0.470134875 0.3209876546875 0.464354528125 0.3106995890625 0.4393063578125 0.2860082296875 0.43737957656250004
7 0.7242798359375 0.411368015625 0.7160493828125001 0.422928709375 0.7016460906249999 0.42774566406250003 0.703703703125 0.4383429671875 0.7242798359375 0.4306358375 0.7572016453125 0.4383429671875 0.75102880625 0.411368015625 0.7242798359375 0.411368015625
25 0.8847736625 0.35934489375 0.8395061734375 0.351637765625 0.8333333328125001 0.358381503125 0.79012345625 0.35645472031250003 0.7654320984375 0.3631984578125 0.7448559671874999 0.3805394984375 0.7427983546875 0.406551059375 0.7654320984375 0.422928709375 0.7921810703125 0.418111753125 0.796296296875 0.40751445156250005 0.8312757203125001 0.41618497187500003 0.835390946875 0.429672446875 0.853909465625 0.42870905625000005 0.86419753125 0.4258188828125 0.8621399171874999 0.40751445156250005 0.8971193421875 0.4084778421875 0.9074074078125 0.4017341046875 0.911522634375 0.3728323703125 0.8847736625 0.35934489375
54 0.7757201640625 0.2312138734375 0.769547325 0.2148362234375 0.74897119375 0.2148362234375 0.7469135796875 0.2321772640625 0.7242798359375 0.263969171875 0.7345679015625 0.27649325625 0.7448559671874999 0.2793834296875 0.769547325 0.275529865625 0.79012345625 0.2784200390625 0.7983539093750001 0.2572254328125 0.8148148140625 0.254335259375 0.8127572015625001 0.24277456718749998 0.7757201640625 0.2312138734375
42 0.5432098765625 0.08766859375 0.530864196875 0.081888246875 0.528806584375 0.0741811171875 0.5 0.07129094375 0.4660493828125 0.0867052015625 0.42798353906250003 0.088631984375 0.42386831249999996 0.141618496875 0.4362139921875 0.1791907515625 0.5843621406249999 0.1791907515625 0.588477365625 0.093448940625 0.5823045265625 0.08766859375 0.5432098765625 0.08766859375
58 0.2530864203125 0.1685934484375 0.20370370312500002 0.164739884375 0.1954732515625 0.1685934484375 0.152263375 0.1685934484375 0.141975309375 0.1965317921875 0.141975309375 0.2437379578125 0.17901234531250002 0.2552986515625 0.1975308640625 0.2552986515625 0.22633744843749998 0.24566474062500002 0.25102880625 0.25337186875 0.269547325 0.2437379578125 0.2757201640625 0.24470134843750002 0.269547325 0.1965317921875 0.2530864203125 0.1685934484375
58 0.858024690625 0.1666666671875 0.8065843625 0.164739884375 0.761316871875 0.1685934484375 0.74897119375 0.212909440625 0.7736625515625 0.21676300624999997 0.7716049375 0.2254335265625 0.79012345625 0.23988439375 0.7860082296875001 0.2437379578125 0.86419753125 0.24566474062500002 0.8765432093750001 0.24277456718749998 0.8786008234375 0.2023121390625 0.8683127578125 0.17244701406250001 0.858024690625 0.1666666671875
145 0.2530864203125 0.4903660890625 0.2139917703125 0.48940269687500004 0.240740740625 0.5134874765624999 0.2716049375 0.5077071296875 0.26131687187499997 0.49421965312499994 0.2530864203125 0.4903660890625
145 0.74897119375 0.4788053953125 0.777777778125 0.47784200312499997 0.7942386828125 0.46820809218750004 0.800411521875 0.4556840078125 0.7921810703125 0.46146435468749997 0.7674897125 0.4566473984375 0.74897119375 0.4788053953125
145 0.7633744859375 0.48362235 0.74897119375 0.5038535640624999 0.7633744859375 0.5028901734375 0.777777778125 0.5125240843750001 0.796296296875 0.4788053953125 0.7633744859375 0.48362235
118 0.5823045265625 0.6290944125 0.5329218109375 0.6290944125 0.5164609046875 0.6252408484374999 0.432098765625 0.6290944125 0.42592592656250006 0.6676300578125 0.43827160468750004 0.7186897875 0.49176954687499996 0.724470134375 0.5329218109375 0.724470134375 0.5528127578124999 0.7196531796875 0.5823045265625 0.7186897875 0.5925925921874999 0.6849710984375 0.5905349796875 0.6368015421875 0.5823045265625 0.6290944125
138 0.2160493828125 0.5606936421875 0.2139917703125 0.5529865125 0.20781892968750001 0.5529865125 0.20781892968750001 0.5626204234375 0.152263375 0.56454720625 0.1378600828125 0.6088631984374999 0.12139917656250002 0.611753371875 0.144032921875 0.6396917140625 0.17695473281250002 0.6387283234375001 0.20370370312500002 0.646435453125 0.20987654375 0.6435452796875001 0.23251028749999997 0.6454720609375 0.238683128125 0.6396917140625 0.2633744859375 0.6368015421875 0.2633744859375 0.6319845859375001 0.2860082296875 0.6204238921874999 0.28806584375 0.606936415625 0.27777777812500004 0.605973025 0.259259259375 0.583815028125 0.2551440328125 0.56454720625 0.2160493828125 0.5606936421875
138 0.7921810703125 0.5606936421875 0.761316871875 0.56454720625 0.7366255140625 0.6021194609375 0.7181069953125 0.606936415625 0.7181069953125 0.6194605015625 0.7427983546875 0.6204238921874999 0.7633744859375 0.6271676296875001 0.7716049375 0.64065510625 0.8024691359375 0.6396917140625 0.8148148140625 0.646435453125 0.8333333328125001 0.6396917140625 0.8415637859375 0.6445086703125 0.8518518515625001 0.6387283234375001 0.8662551437499999 0.6396917140625 0.8724279828125001 0.6300578031249999 0.893004115625 0.6262042390625 0.8971193421875 0.606936415625 0.8847736625 0.6040462421874999 0.8662551437499999 0.56454720625 0.7921810703125 0.5606936421875
132 0.7263374484375 0.6078998078125 0.70987654375 0.62427745625 0.722222221875 0.64739884375 0.7345679015625 0.6454720609375 0.761316871875 0.6493256265625 0.7633744859375 0.6319845859375001 0.7263374484375 0.6078998078125