7 0.68487395 0.29527559062500003 0.6722689078124999 0.3061023625 0.659663865625 0.30708661406250004 0.66176470625 0.31299212656250003 0.6974789921875 0.3188976375 0.724789915625 0.313976378125 0.7310924375 0.308070865625 0.7184873953124999 0.308070865625 0.70798319375 0.3021653546875 0.70798319375 0.29527559062500003 0.68487395 0.29527559062500003
7 0.817226890625 0.323818896875 0.8088235296875 0.3395669296875 0.817226890625 0.348425196875 0.8256302515625 0.34744094531249997 0.840336134375 0.35334645625 0.8508403359375001 0.34744094531249997 0.842436975 0.326771653125 0.817226890625 0.323818896875
7 0.8739495796875 0.313976378125 0.8214285718750001 0.31200787343749997 0.8067226890624999 0.32185039375 0.813025209375 0.326771653125 0.842436975 0.32480315000000004 0.8466386546875 0.3336614171875 0.859243696875 0.32185039375 0.886554621875 0.326771653125 0.886554621875 0.31988188906250004 0.8739495796875 0.313976378125
7 0.8571428578125 0.3061023625 0.8571428578125 0.30019684999999996 0.8361344531249999 0.2992125984375 0.8319327734374999 0.311023621875 0.817226890625 0.311023621875 0.8025210078124999 0.3228346453125 0.886554621875 0.326771653125 0.8823529406249999 0.316929134375 0.8571428578125 0.3061023625
54 0.7962184875 0.25295275625 0.7815126046875001 0.257874015625 0.724789915625 0.2598425203125 0.728991596875 0.26574803125 0.7878151265625 0.2677165359375 0.8025210078124999 0.30708661406250004 0.8235294124999999 0.2962598421875 0.8214285718750001 0.2854330703125 0.8067226890624999 0.273622046875 0.817226890625 0.257874015625 0.7962184875 0.25295275625
54 0.777310925 0.26968503906249996 0.752100840625 0.2746062984375 0.7415966390625 0.2864173234375 0.728991596875 0.2883858265625 0.7352941171875 0.30905511875 0.771008403125 0.30708661406250004 0.789915965625 0.28937007812500004 0.7878151265625 0.2805118109375 0.777310925 0.26968503906249996
58 0.83823529375 0.138779528125 0.7962184875 0.14074803125 0.7794117640625 0.135826771875 0.7373949578125 0.1397637796875 0.724789915625 0.1742125984375 0.724789915625 0.21555118125 0.752100840625 0.22440944843750002 0.7626050421875 0.23523622031250002 0.77310924375 0.2381889765625 0.7983193281250001 0.23523622031250002 0.8067226890624999 0.226377953125 0.8277310921875 0.223425196875 0.8676470593750001 0.223425196875 0.859243696875 0.1683070859375 0.83823529375 0.138779528125
58 0.2184873953125 0.1397637796875 0.1680672265625 0.1368110234375 0.16176470625 0.1397637796875 0.11554621875 0.1397637796875 0.10294117656249999 0.1712598421875 0.10504201718749999 0.21653543281249998 0.1428571421875 0.22736220468749999 0.222689075 0.226377953125 0.2415966390625 0.21751968437500002 0.23529411718749998 0.167322834375 0.2184873953125 0.1397637796875
42 0.55042016875 0.0561023625 0.521008403125 0.0570866140625 0.5 0.0521653546875 0.4852941171875 0.038385826562499996 0.4537815125 0.044291339062500004 0.4537815125 0.05019685 0.44117647031249996 0.0570866140625 0.3970588234375 0.058070865625 0.3928571421875 0.1131889765625 0.405462184375 0.1318897640625 0.405462184375 0.1505905515625 0.478991596875 0.1535433078125 0.56512605 0.1505905515625 0.5525210078125 0.14370078749999998 0.5483193281250001 0.12992125937500001 0.5567226890625 0.12598425156249998 0.563025209375 0.1072834640625 0.563025209375 0.0629921265625 0.55042016875 0.0561023625
133 0.8067226890624999 0.6062992125 0.7857142859375 0.612204725 0.777310925 0.6338582671874999 0.79201680625 0.637795275 0.8046218484375001 0.654527559375 0.8466386546875 0.6318897640625 0.8361344531249999 0.6102362203125 0.8067226890624999 0.6062992125
138 0.8109243703125 0.542322834375 0.80042016875 0.5462598421875 0.7815126046875001 0.537401575 0.7373949578125 0.5442913390624999 0.7121848734375 0.5895669296875 0.7037815125 0.5935039375 0.705882353125 0.6003937015624999 0.724789915625 0.604330709375 0.7310924375 0.6210629921875 0.7647058828125 0.6210629921875 0.7836134453125 0.6141732281250001 0.842436975 0.6161417328125001 0.8487394953124999 0.6210629921875 0.8718487390625 0.6062992125 0.8760504203125 0.587598425 0.8466386546875 0.5561023625 0.844537815625 0.5442913390624999 0.8109243703125 0.542322834375
138 0.18067226875 0.5433070859375 0.1764705875 0.537401575 0.1659663859375 0.5462598421875 0.15126050468750002 0.542322834375 0.11554621875 0.5433070859375 0.0819327734375 0.595472440625 0.094537815625 0.601377953125 0.10714285781249999 0.6210629921875 0.1533613453125 0.6210629921875 0.1701680671875 0.6259842515625 0.1743697484375 0.6210629921875 0.1890756296875 0.6210629921875 0.1974789921875 0.6259842515625 0.2310924375 0.617125984375 0.2310924375 0.60925196875 0.252100840625 0.601377953125 0.252100840625 0.58464566875 0.224789915625 0.557578740625 0.222689075 0.545275590625 0.18067226875 0.5433070859375
119 0.5546218484375001 0.6102362203125 0.52310924375 0.6112204718750001 0.4894957984375 0.6033464562499999 0.4537815125 0.612204725 0.40126050468749996 0.6112204718750001 0.3949579828125 0.648622046875 0.40756302499999997 0.701771653125 0.451680671875 0.7037401578125 0.460084034375 0.707677165625 0.50420168125 0.707677165625 0.5126050421875 0.70275590625 0.5546218484375001 0.6998031499999999 0.563025209375 0.6683070859375 0.5609243703125 0.6131889765625 0.5546218484375001 0.6102362203125