42 0.652263375 0.4672447015625 0.6193415640625 0.45183044375000003 0.565843621875 0.44990366093749995 0.5411522640624999 0.46242774531249997 0.5432098765625 0.47591522187499996 0.528806584375 0.4961464359375 0.5452674890625 0.49421965312499994 0.5781893 0.5057803468750001 0.5823045265625 0.5125240843750001 0.5740740734374999 0.5192678234375 0.5823045265625 0.524084778125 0.6378600828125001 0.524084778125 0.67078189375 0.5134874765624999 0.6851851859375 0.49710982656249997 0.683127571875 0.48940269687500004 0.652263375 0.4672447015625
25 0.6543209875 0.46820809218750004 0.6193415640625 0.45183044375000003 0.565843621875 0.44990366093749995 0.5411522640624999 0.46242774531249997 0.5432098765625 0.4768786125 0.528806584375 0.4961464359375 0.5452674890625 0.49421965312499994 0.5781893 0.5057803468750001 0.5823045265625 0.5125240843750001 0.5740740734374999 0.5192678234375 0.5823045265625 0.524084778125 0.6399176953125 0.524084778125 0.67078189375 0.5134874765624999 0.6851851859375 0.4961464359375 0.683127571875 0.48940269687500004 0.6543209875 0.46820809218750004
7 0.7818930046875 0.44605009687499997 0.7633744859375 0.45183044375000003 0.761316871875 0.47302504843750004 0.7818930046875 0.4720616578125 0.7983539093750001 0.45857418125000005 0.7983539093750001 0.44990366093749995 0.7818930046875 0.44605009687499997
7 0.7942386828125 0.418111753125 0.7839506171874999 0.42196531718749997 0.7860082296875001 0.4431599234375 0.800411521875 0.4441233140625 0.8086419749999999 0.44026975 0.8106995890625001 0.41907514375000005 0.7942386828125 0.418111753125
7 0.70987654375 0.418111753125 0.703703703125 0.42196531718749997 0.7057613171875 0.4383429671875 0.7160493828125001 0.4431599234375 0.7325102875 0.43737957656250004 0.730452675 0.418111753125 0.70987654375 0.418111753125
54 0.800411521875 0.3689788046875 0.79012345625 0.3506743734375 0.7654320984375 0.3487475921875 0.738683128125 0.3978805390625 0.7469135796875 0.406551059375 0.761316871875 0.4132947984375 0.7942386828125 0.4094412328125 0.8045267484374999 0.41618497187500003 0.816872428125 0.39113680156249997 0.8271604937499999 0.38728323750000004 0.82510288125 0.381502890625 0.800411521875 0.3689788046875
58 0.7942386828125 0.164739884375 0.7469135796875 0.1676300578125 0.7469135796875 0.1840077078125 0.7345679015625 0.20038535624999998 0.738683128125 0.241811175 0.7654320984375 0.24470134843750002 0.8621399171874999 0.23988439375 0.86419753125 0.194605009375 0.8497942390625 0.1791907515625 0.8518518515625001 0.1685934484375 0.7942386828125 0.164739884375
58 0.21193415624999998 0.16570327499999998 0.1975308640625 0.159922928125 0.17078189375 0.16570327499999998 0.1378600828125 0.16570327499999998 0.125514403125 0.1984585734375 0.125514403125 0.236030828125 0.1316872421875 0.241811175 0.1502057609375 0.24566474062500002 0.2366255140625 0.2437379578125 0.2530864203125 0.23988439375 0.2551440328125 0.194605009375 0.24279835468750002 0.1685934484375 0.21193415624999998 0.16570327499999998
42 0.52057613125 0.083815028125 0.5041152265625 0.0684007703125 0.473251028125 0.0732177265625 0.45679012343750003 0.0857418109375 0.41358024687499995 0.0867052015625 0.411522634375 0.14739884375 0.42592592656250006 0.17726396875 0.5411522640624999 0.1782273609375 0.565843621875 0.1753371875 0.55967078125 0.16233140625 0.5740740734374999 0.134874759375 0.5699588484375 0.0867052015625 0.52057613125 0.083815028125
138 0.7983539093750001 0.5568400765625 0.7469135796875 0.5616570328125 0.7160493828125001 0.6078998078125 0.7160493828125001 0.616570328125 0.7325102875 0.6213872828125 0.7366255140625 0.63583815 0.7530864203125 0.6387283234375001 0.7839506171874999 0.6368015421875 0.800411521875 0.6445086703125 0.816872428125 0.6387283234375001 0.82510288125 0.6445086703125 0.8621399171874999 0.63391136875 0.8806584359375 0.6194605015625 0.88271605 0.6030828515625 0.8497942390625 0.565510596875 0.7983539093750001 0.5568400765625
138 0.238683128125 0.55780346875 0.2139917703125 0.55973025 0.20370370312500002 0.56454720625 0.17695473281250002 0.5606936421875 0.1378600828125 0.5616570328125 0.106995884375 0.6127167625000001 0.1193415640625 0.6194605015625 0.1275720171875 0.6368015421875 0.1594650203125 0.6377649328125 0.1893004109375 0.6445086703125 0.2057613171875 0.6377649328125 0.21810699531250002 0.6435452796875001 0.2242798359375 0.6368015421875 0.2448559671875 0.6377649328125 0.2530864203125 0.63391136875 0.2716049375 0.6204238921874999 0.2757201640625 0.605009634375 0.2572016453125 0.5992292875 0.24279835468750002 0.5606936421875 0.238683128125 0.55780346875
118 0.5699588484375 0.6262042390625 0.5349794234374999 0.6271676296875001 0.5020576125 0.6223506750000001 0.4176954734375 0.6271676296875001 0.411522634375 0.6628131015625 0.42386831249999996 0.71676300625 0.46090535 0.7186897875 0.47942386875 0.72350674375 0.51851851875 0.72350674375 0.5370370375 0.71676300625 0.5699588484375 0.7148362234375 0.5802469140625 0.665703275 0.5761316875 0.6300578031249999 0.5699588484375 0.6262042390625
89 0.5 0.49710982656249997 0.473251028125 0.5038535640624999 0.4362139921875 0.5067437375 0.411522634375 0.5144508671875 0.4176954734375 0.5317919078125 0.4094650203125 0.546242775 0.41563785937500003 0.552023121875 0.5226337453125 0.552023121875 0.5246913578125 0.5154142578124999 0.5164609046875 0.5009633906250001 0.5 0.49710982656249997
114 0.79012345625 0.4489402703125 0.7160493828125001 0.4508670515625 0.722222221875 0.46628131093749997 0.6893004109375 0.47976878593750005 0.6872427984375 0.4932562625 0.7057613171875 0.49421965312499994 0.7283950625 0.5019267828125 0.7325102875 0.5096339109375 0.7716049375 0.51637765 0.7818930046875 0.5028901734375 0.8024691359375 0.49421965312499994 0.818930040625 0.4932562625 0.8065843625 0.47495182968750005 0.7921810703125 0.470134875 0.7983539093750001 0.45375722500000004 0.79012345625 0.4489402703125
132 0.9670781890625 0.5491329484375 0.9341563781250001 0.5500963390625 0.9382716046875 0.563583815625 0.9691358031249999 0.589595375 0.9773662546875 0.5867052015625001 0.9753086421875 0.5616570328125 0.9670781890625 0.5491329484375