54 0.37651821875 0.41856060624999997 0.346153846875 0.42140151562500006 0.32591093125000004 0.39867424218749997 0.311740890625 0.39772727343750003 0.305668015625 0.4043560609375 0.2631578953125 0.41856060624999997 0.2570850203125 0.42897727343750003 0.2854251015625 0.44412878750000007 0.30161943281250003 0.4422348484375 0.31983805625 0.4327651515625 0.334008096875 0.4327651515625 0.33805667968750003 0.44318181875 0.3663967609375 0.446969696875 0.37651821875 0.45265151562500006 0.40080971718749997 0.450757575 0.40080971718749997 0.428030303125 0.384615384375 0.4270833328125 0.37651821875 0.41856060624999997
54 0.3097165984375 0.39393939375000003 0.334008096875 0.38731060624999997 0.3299595140625 0.38352272656249997 0.2874493921875 0.3863636359375 0.2854251015625 0.390151515625 0.3097165984375 0.39393939375000003
54 0.267206478125 0.39772727343750003 0.28137651875 0.384469696875 0.261133603125 0.378787878125 0.2469635625 0.3816287875 0.2489878546875 0.3948863640625 0.267206478125 0.39772727343750003
58 0.2631578953125 0.2386363640625 0.2651821859375 0.19981060625 0.2530364375 0.16571969687500002 0.216599190625 0.1666666671875 0.20242915 0.1609848484375 0.15182186250000002 0.16571969687500002 0.1396761140625 0.19318181875 0.1417004046875 0.23958333281250002 0.2145748984375 0.2414772734375 0.2631578953125 0.2386363640625
58 0.862348178125 0.2386363640625 0.862348178125 0.1941287875 0.8522267203125 0.16571969687500002 0.8117408906250001 0.16571969687500002 0.7995951421874999 0.1609848484375 0.783400809375 0.16193181875 0.7753036437499999 0.16856060625 0.7550607281249999 0.1647727265625 0.738866396875 0.191287878125 0.7408906875 0.23958333281250002 0.862348178125 0.2386363640625
42 0.429149796875 0.0871212125 0.42105263125 0.09375 0.4251012140625 0.1458333328125 0.43724696406249997 0.16193181875 0.4311740890625 0.174242425 0.570850203125 0.1761363640625 0.5829959515625001 0.1477272734375 0.5809716593750001 0.0871212125 0.536437246875 0.0852272734375 0.52834008125 0.07481060625 0.4959514171875 0.06723484843750001 0.485829959375 0.07954545468749999 0.429149796875 0.0871212125
118 0.4615384609375 0.6193181812499999 0.42712550625 0.6183712124999999 0.4230769234375 0.621212121875 0.419028340625 0.67518939375 0.429149796875 0.7073863640625 0.47165991875 0.7102272734375 0.47773279375 0.7140151515625 0.520242915625 0.714962121875 0.5242914984375 0.7111742421875 0.57287449375 0.70643939375 0.5850202421875 0.6505681812499999 0.5769230765625 0.6183712124999999 0.5344129546875 0.6183712124999999 0.5020242921875 0.6136363640625 0.4615384609375 0.6193181812499999
138 0.7449392718750001 0.5615530296875 0.7469635625 0.5738636359375 0.7206477734375001 0.5984848484375 0.7408906875 0.6136363640625 0.7368421046875 0.621212121875 0.7429149796875001 0.6259469703125 0.7732793515624999 0.6335227265625 0.862348178125 0.628787878125 0.88259109375 0.6079545453125 0.88259109375 0.6003787875000001 0.8522267203125 0.5549242421875 0.7530364375 0.553030303125 0.7449392718750001 0.5615530296875
138 0.2631578953125 0.6278409093749999 0.2854251015625 0.6013257578125 0.255060728125 0.5700757578125 0.2530364375 0.5539772734375 0.2267206484375 0.5464015156250001 0.1923076921875 0.5549242421875 0.1619433203125 0.553030303125 0.14979757031250002 0.5558712124999999 0.12955465625 0.59375 0.1194331984375 0.5965909093749999 0.12348178125 0.6145833328125 0.1417004046875 0.6174242421875 0.1457489875 0.6268939390625 0.16801619375000001 0.6268939390625 0.17408906875000002 0.6325757578125 0.18016194375 0.6278409093749999 0.1983805671875 0.6278409093749999 0.2004048578125 0.6335227265625 0.20850202499999998 0.6297348484375 0.2631578953125 0.6278409093749999
145 0.4514170046875 0.428030303125 0.4453441296875 0.42518939375000003 0.42712550625 0.4270833328125 0.41497975781249996 0.4356060609375 0.41497975781249996 0.44412878750000007 0.45748987812499997 0.44981060624999997 0.4453441296875 0.44318181875 0.4514170046875 0.428030303125
145 0.39271255 0.41193181875 0.3866396765625 0.41477272656249997 0.38866396718749996 0.42613636406250005 0.4089068828125 0.4299242421875 0.41497975781249996 0.4138257578125 0.41093117343749996 0.4109848484375 0.39271255 0.41193181875