25 0.42946058125000003 0.5155642015625 0.4522821578125 0.5107003890625 0.4730290453125 0.4951361875 0.47717842343749994 0.481517509375 0.41078838125 0.441634240625 0.35062240624999996 0.44357976718750003 0.33402489687500003 0.45136186718750004 0.3278008296875 0.46692607031250005 0.30912863125 0.477626459375 0.30912863125 0.48638132343749996 0.31120331874999996 0.48929961093749996 0.35062240624999996 0.48929961093749996 0.365145228125 0.4951361875 0.3734439828125 0.5 0.3568464734375 0.5107003890625 0.3589211625 0.5145914390625 0.3879668046875 0.5184824906250001 0.394190871875 0.5145914390625 0.42946058125000003 0.5155642015625
54 0.199170125 0.439688715625 0.205394190625 0.45525291875 0.215767634375 0.45622568125 0.2219917015625 0.44357976718750003 0.244813278125 0.437743190625 0.244813278125 0.42996108906249997 0.24066390000000001 0.4163424125 0.224066390625 0.41536965 0.20954356875000002 0.4192607 0.20954356875000002 0.43190661406249997 0.199170125 0.439688715625
58 0.273858921875 0.23638132343749998 0.275933609375 0.19649805468749998 0.26141078906250004 0.1614786 0.1618257265625 0.1614786 0.145228215625 0.1935797671875 0.145228215625 0.2354085609375 0.1514522828125 0.2383268484375 0.2572614109375 0.2392996109375 0.273858921875 0.23638132343749998
58 0.7593361 0.2373540859375 0.7800829874999999 0.2422178984375 0.8381742734375001 0.2392996109375 0.85062240625 0.248054475 0.8879668046875 0.2373540859375 0.8879668046875 0.190661478125 0.8775933609375001 0.1614786 0.8319502078125 0.1614786 0.825726140625 0.1575875484375 0.775933609375 0.1614786 0.7593361 0.188715953125 0.7593361 0.2373540859375
42 0.4875518671875 0.0749027234375 0.443983403125 0.0807393 0.43568464687499997 0.0856031125 0.439834025 0.142023346875 0.4522821578125 0.1605058359375 0.443983403125 0.1721789890625 0.58921161875 0.1721789890625 0.6037344390625 0.1332684828125 0.5995850625 0.0807393 0.553941909375 0.0778210109375 0.5414937765625 0.064202334375 0.5207468875 0.05933852187500001 0.506224065625 0.05933852187500001 0.4875518671875 0.0749027234375
7 0.15560165937499998 0.46011673125 0.15560165937499998 0.479571984375 0.1680497921875 0.48443579843749995 0.18672199218750002 0.48443579843749995 0.184647303125 0.45914396875 0.1597510375 0.45622568125 0.15560165937499998 0.46011673125
7 0.27800829843749997 0.48929961093749996 0.2925311203125 0.482490271875 0.2925311203125 0.45914396875 0.2821576765625 0.45525291875 0.2634854765625 0.45914396875 0.26141078906250004 0.474708171875 0.273858921875 0.480544746875 0.26970954375 0.48929961093749996 0.27800829843749997 0.48929961093749996
7 0.37136929531249996 0.476653696875 0.38589211562500003 0.47178988281249995 0.3879668046875 0.45914396875 0.38589211562500003 0.45233462968750004 0.365145228125 0.44552529218750003 0.3568464734375 0.44649805468750003 0.3568464734375 0.46011673125 0.36099585 0.47178988281249995 0.37136929531249996 0.476653696875
7 0.2012448125 0.44941634218750004 0.19502074687499998 0.439688715625 0.1721991703125 0.434824903125 0.17012448125 0.42509727656249996 0.1431535265625 0.42607003906249996 0.1182572609375 0.44649805468750003 0.12033195000000001 0.45428015625 0.1265560171875 0.45136186718750004 0.2012448125 0.44941634218750004
7 0.2800829875 0.45233462968750004 0.2925311203125 0.45817120625 0.30082987499999997 0.45525291875 0.284232365625 0.42801556406249996 0.26141078906250004 0.42801556406249996 0.24896265624999997 0.436770428125 0.224066390625 0.441634240625 0.2199170125 0.44649805468750003 0.2427385890625 0.45525291875 0.2800829875 0.45233462968750004
7 0.3070539421875 0.475680934375 0.315352696875 0.47373540781249995 0.325726140625 0.46789883281250005 0.3278008296875 0.45622568125 0.32987551875 0.45428015625 0.32987551875 0.44649805468750003 0.3278008296875 0.44357976718750003 0.3215767640625 0.440661478125 0.315352696875 0.440661478125 0.31327800781250004 0.439688715625 0.3070539421875 0.439688715625 0.3029045640625 0.440661478125 0.30082987499999997 0.44455252968750003 0.2821576765625 0.44357976718750003 0.27800829843749997 0.44455252968750003 0.27800829843749997 0.44747081718750004 0.2821576765625 0.45330739375 0.284232365625 0.45330739375 0.2925311203125 0.45719844375 0.2925311203125 0.45817120625 0.2966804984375 0.45914396875 0.3029045640625 0.46692607031250005 0.30082987499999997 0.46789883281250005 0.30082987499999997 0.47178988281249995 0.3029045640625 0.474708171875 0.3070539421875 0.475680934375
118 0.443983403125 0.7178988328125 0.535269709375 0.7227626453125 0.5912863078124999 0.7169260703125 0.6016597515625 0.6653696499999999 0.595435684375 0.62548638125 0.5186721984375 0.62062256875 0.493775934375 0.62548638125 0.443983403125 0.62645914375 0.43568464687499997 0.6313229578125 0.4336099578125 0.683852140625 0.443983403125 0.7178988328125
132 0.336099584375 0.5982490265625 0.3278008296875 0.5690661484375 0.31120331874999996 0.566147859375 0.2925311203125 0.5680933859375 0.2800829875 0.5807393000000001 0.27800829843749997 0.6031128406249999 0.31120331874999996 0.6070038906249999 0.3215767640625 0.6118677046875 0.336099584375 0.5982490265625
114 0.19087136875 0.47178988281249995 0.19087136875 0.479571984375 0.1825726140625 0.483463034375 0.1514522828125 0.481517509375 0.1369294609375 0.49027237343749996 0.13900415 0.5068093390625 0.1597510375 0.5029182875 0.21161825781250002 0.5214007781250001 0.23236514531250002 0.5204280156250001 0.22821576718749997 0.5077821015625 0.2427385890625 0.5 0.2634854765625 0.5048638125 0.26970954375 0.5 0.26970954375 0.49319066093749997 0.224066390625 0.47276264531249995 0.2074688796875 0.46984435781249995 0.19087136875 0.47178988281249995
138 0.2925311203125 0.6196498046875 0.294605809375 0.6079766531249999 0.273858921875 0.5953307390625 0.2572614109375 0.558365759375 0.1576763484375 0.561284046875 0.1514522828125 0.5807393000000001 0.1265560171875 0.6031128406249999 0.1410788375 0.6478599218750001 0.14937759374999998 0.6478599218750001 0.1514522828125 0.6420233468750001 0.165975103125 0.6381322953125 0.184647303125 0.6468871593750001 0.19502074687499998 0.6420233468750001 0.24066390000000001 0.6449416343750001 0.255186721875 0.6381322953125 0.2717842328125 0.6371595328125 0.2925311203125 0.6196498046875
138 0.8900414937500001 0.62062256875 0.9087136921875001 0.6138132296875 0.875518671875 0.559338521875 0.834024896875 0.561284046875 0.8174273859375001 0.5544747078125 0.800829875 0.562256809375 0.775933609375 0.561284046875 0.7634854765625 0.5865758750000001 0.7593361 0.6040856031249999 0.7800829874999999 0.6147859921875 0.7800829874999999 0.6186770421875 0.7634854765625 0.62159533125 0.7676348546875 0.6352140078125 0.79045643125 0.6361867703125 0.7966804984375 0.6420233468750001 0.8070539421875 0.6371595328125 0.8278008296875001 0.6420233468750001 0.834024896875 0.6371595328125 0.8900414937500001 0.6352140078125 0.8900414937500001 0.62062256875