23 0.57287449375 0.221590909375 0.5607287453125 0.24242424218749997 0.570850203125 0.266098484375 0.5971659921875 0.266098484375 0.6113360328125 0.27272727343750003 0.6052631578125001 0.25 0.62348178125 0.24242424218749997 0.62348178125 0.23768939375000003 0.601214575 0.2206439390625 0.57287449375 0.221590909375
58 0.8562753031250001 0.174242425 0.8481781375 0.17045454531249998 0.8117408906250001 0.1676136359375 0.791497975 0.172348484375 0.7570850203124999 0.17045454531249998 0.7408906875 0.20928030312499998 0.7429149796875001 0.24431818125000002 0.767206478125 0.25 0.862348178125 0.24621212187500002 0.8704453437499999 0.232007575 0.8684210531250001 0.1988636359375 0.8562753031250001 0.174242425
58 0.2510121453125 0.171401515625 0.2429149796875 0.17045454531249998 0.22874493906249999 0.1761363640625 0.20850202499999998 0.1676136359375 0.196356275 0.171401515625 0.153846153125 0.171401515625 0.143724696875 0.1988636359375 0.143724696875 0.2452651515625 0.18016194375 0.25568181874999996 0.2530364375 0.2518939390625 0.2712550609375 0.2433712125 0.26923076875 0.1979166671875 0.2510121453125 0.171401515625
42 0.5748987859375 0.0918560609375 0.5445344125 0.0918560609375 0.52834008125 0.08806818125 0.5242914984375 0.07670454531250001 0.514170040625 0.07481060625 0.4898785421875 0.075757575 0.48380566875 0.084280303125 0.4554655875 0.0918560609375 0.42712550625 0.0918560609375 0.42105263125 0.1458333328125 0.43724696406249997 0.1827651515625 0.5769230765625 0.18181818125 0.5688259109375 0.1628787875 0.57894736875 0.15625 0.5829959515625001 0.142992425 0.5809716593750001 0.097537878125 0.5748987859375 0.0918560609375
119 0.57894736875 0.6240530296875 0.542510121875 0.6259469703125 0.514170040625 0.6174242421875 0.4898785421875 0.6259469703125 0.4311740890625 0.6240530296875 0.42105263125 0.6571969703125 0.43319838125 0.7121212124999999 0.45951417031249997 0.7130681812499999 0.48380566875 0.71875 0.530364371875 0.71875 0.5384615390625 0.7140151515625 0.5485829953125 0.7159090906250001 0.5769230765625 0.7121212124999999 0.587044534375 0.6789772734375 0.5829959515625001 0.6268939390625 0.57894736875 0.6240530296875
138 0.8259109312499999 0.5577651515625 0.817813765625 0.5643939390625 0.7753036437499999 0.5549242421875 0.7530364375 0.5606060609375 0.7206477734375001 0.6098484843749999 0.738866396875 0.621212121875 0.7449392718750001 0.634469696875 0.834008096875 0.6401515156250001 0.8603238859375001 0.6335227265625 0.862348178125 0.6240530296875 0.8481781375 0.615530303125 0.846153846875 0.6041666671875 0.8724696359375 0.603219696875 0.8846153843750001 0.6079545453125 0.8866396765625 0.603219696875 0.8582995953125 0.5606060609375 0.8259109312499999 0.5577651515625
138 0.255060728125 0.5606060609375 0.2267206484375 0.5596590906250001 0.2125506078125 0.5520833328125 0.1558704453125 0.5596590906250001 0.12348178125 0.607007575 0.12348178125 0.6136363640625 0.1356275296875 0.6145833328125 0.143724696875 0.6335227265625 0.2570850203125 0.6335227265625 0.2651821859375 0.6193181812499999 0.2489878546875 0.6145833328125 0.2469635625 0.6041666671875 0.26923076875 0.6022727265625 0.267206478125 0.5871212124999999 0.255060728125 0.5606060609375
89 0.5182186234375 0.4583333328125 0.4514170046875 0.4640151515625 0.429149796875 0.4696969703125 0.4230769234375 0.4734848484375 0.429149796875 0.48295454531250004 0.4251012140625 0.5085227265625 0.43522267187499997 0.5113636359375 0.4554655875 0.5066287875000001 0.5323886640625 0.5085227265625 0.5323886640625 0.4640151515625 0.5182186234375 0.4583333328125
111 0.8684210531250001 0.35227272656249997 0.8582995953125 0.3428030296875 0.8502024296874999 0.3428030296875 0.8137651828125 0.36647727343750003 0.8097165984375 0.371212121875 0.8299595140625 0.3854166671875 0.834008096875 0.40625 0.8421052625 0.3996212125 0.8582995953125 0.396780303125 0.8684210531250001 0.40625 0.87651821875 0.40625 0.8886639671875001 0.35795454531250004 0.8684210531250001 0.35227272656249997
114 0.8198380562500001 0.339962121875 0.805668015625 0.3390151515625 0.7449392718750001 0.3645833328125 0.7489878546875001 0.37215909062499997 0.76923076875 0.3740530296875 0.7935222671875 0.391098484375 0.8259109312499999 0.391098484375 0.8279352234375 0.3854166671875 0.8218623484375 0.3759469703125 0.8117408906250001 0.3731060609375 0.8117408906250001 0.36647727343750003 0.8259109312499999 0.3503787875 0.8198380562500001 0.339962121875
145 0.7793522265624999 0.4138257578125 0.761133603125 0.4166666671875 0.7591093125 0.4422348484375 0.76923076875 0.4422348484375 0.8016194328124999 0.42897727343750003 0.805668015625 0.41856060624999997 0.7793522265624999 0.4138257578125
145 0.7267206484375001 0.4071969703125 0.7348178140625 0.42897727343750003 0.7550607281249999 0.42045454531250004 0.7530364375 0.4053030296875 0.7267206484375001 0.4071969703125