58 0.8160000000000001 0.25023430156250004 0.82 0.2549203375 0.858 0.24367385156250002 0.858 0.200562325 0.8480000000000001 0.171508903125 0.798 0.1696344890625 0.786 0.164948453125 0.768 0.170571696875 0.75 0.170571696875 0.73 0.20805998125 0.728 0.24367385156250002 0.748 0.251171509375 0.764 0.24835988750000002 0.8160000000000001 0.25023430156250004
58 0.22799999999999998 0.2464854734375 0.24 0.251171509375 0.264 0.244611059375 0.266 0.2024367390625 0.252 0.170571696875 0.21000000000000002 0.16869728281250002 0.194 0.174320525 0.184 0.1696344890625 0.16 0.1696344890625 0.15 0.17525773125 0.152 0.18650421718750002 0.13999999999999999 0.20149953125 0.13799999999999998 0.24086223125 0.144 0.245548265625 0.16599999999999998 0.24835988750000002 0.22799999999999998 0.2464854734375
42 0.43200000000000005 0.180880975 0.568 0.18181818125 0.5820000000000001 0.13870665468750001 0.5780000000000001 0.0937207125 0.544 0.0918462984375 0.524 0.0805998125 0.49400000000000005 0.0749765703125 0.47800000000000004 0.089971884375 0.426 0.09465791875 0.42000000000000004 0.0984067484375 0.422 0.14058106875 0.43600000000000005 0.167760075 0.43200000000000005 0.180880975
7 0.15 0.39550140625 0.154 0.38706654218750003 0.16999999999999998 0.38706654218750003 0.186 0.392689784375 0.188 0.3833177125 0.176 0.36644798437500004 0.15 0.3683224 0.15 0.3767572640625 0.13799999999999998 0.38519212812500003 0.142 0.3936269921875 0.15 0.39550140625
7 0.388 0.45829428281249995 0.418 0.44798500468749997 0.398 0.4348641046875 0.374 0.43580131250000004 0.376 0.44985941875 0.368 0.459231490625 0.386 0.466729146875 0.388 0.45829428281249995
7 0.44000000000000006 0.43298969062500003 0.434 0.453608246875 0.44800000000000006 0.460168696875 0.466 0.43298969062500003 0.44000000000000006 0.43298969062500003
54 0.22599999999999998 0.3701968140625 0.254 0.378631678125 0.272 0.372071228125 0.27999999999999997 0.36176195 0.256 0.3298969078125 0.21200000000000002 0.3345829421875 0.194 0.3439550140625 0.192 0.352389878125 0.21200000000000002 0.3683224 0.21600000000000003 0.3805060921875 0.22599999999999998 0.3701968140625
25 0.302 0.4779756328125 0.314 0.470477975 0.404 0.44329896875 0.40800000000000003 0.4273664484375 0.37 0.40018744218749996 0.33799999999999997 0.3983130265625 0.282 0.4029990625 0.252 0.419868790625 0.238 0.4348641046875 0.236 0.44236176250000003 0.272 0.47328959687500005 0.286 0.4779756328125 0.302 0.4779756328125
89 0.48 0.5285848171875001 0.512 0.5248359890625001 0.572 0.527647609375 0.58 0.522961575 0.5780000000000001 0.48922211875 0.506 0.47235239062499995 0.492 0.4714151828125 0.48 0.47610121875000005 0.46799999999999997 0.49015932500000003 0.47800000000000004 0.506091846875 0.47000000000000003 0.5257731953125 0.48 0.5285848171875001
132 0.302 0.5782567953125 0.296 0.55670103125 0.27799999999999997 0.5454545453125 0.256 0.5454545453125 0.26 0.5726335515625001 0.272 0.5829428296875 0.288 0.5829428296875 0.302 0.5782567953125
138 0.136 0.627928771875 0.16999999999999998 0.63074039375 0.174 0.6363636359375 0.186 0.6326148078125 0.20400000000000001 0.6354264296875 0.21800000000000003 0.6298031859375001 0.264 0.6298031859375001 0.268 0.6166822875 0.286 0.60449859375 0.254 0.5595126515625 0.21600000000000003 0.552952203125 0.21400000000000002 0.5557638234375 0.152 0.55670103125 0.15 0.5688847234375001 0.122 0.5970009375 0.126 0.61761949375 0.136 0.627928771875
138 0.778 0.63074039375 0.8 0.634489221875 0.818 0.6298031859375001 0.834 0.6326148078125 0.8560000000000001 0.6298031859375001 0.868 0.6101218375 0.876 0.6091846296875 0.8480000000000001 0.5685726328125 0.8480000000000001 0.5585754453125 0.8400000000000001 0.5548266171875 0.8099999999999999 0.55670103125 0.794 0.5548266171875 0.788 0.55014058125 0.784 0.553889409375 0.748 0.5557638234375 0.742 0.574507965625 0.716 0.5932521093750001 0.718 0.613870665625 0.738 0.627928771875 0.768 0.6354264296875 0.778 0.63074039375
145 0.808 0.34020618593749996 0.792 0.34208059999999996 0.784 0.33552015 0.768 0.34020618593749996 0.76 0.352389878125 0.77 0.36269915625000004 0.8019999999999999 0.3514526703125 0.808 0.34020618593749996
118 0.47800000000000004 0.7113402062499999 0.5700000000000001 0.7057169640625001 0.58 0.655107778125 0.5740000000000001 0.6194939078125 0.514 0.6166822875 0.426 0.6194939078125 0.42000000000000004 0.63823805 0.418 0.6729147140625 0.43 0.7066541703125 0.46399999999999997 0.7066541703125 0.47800000000000004 0.7113402062499999