54 0.7282157671875 0.150778209375 0.7116182578125 0.1527237359375 0.7033195015625 0.14785992187500002 0.680497925 0.149805446875 0.6618257265625 0.1741245140625 0.67012448125 0.1945525296875 0.6867219921875 0.19747081718749998 0.7136929453125 0.190661478125 0.724066390625 0.20136186718750002 0.7199170125000001 0.1799610890625 0.7365145234375 0.16536964999999998 0.7365145234375 0.1556420234375 0.7282157671875 0.150778209375
58 0.8423236515625 0.14396887187500002 0.8319502078125 0.142996109375 0.825726140625 0.14688715937500002 0.8070539421875 0.1400778203125 0.7427385890625 0.142996109375 0.7282157671875 0.1809338515625 0.7282157671875 0.2188715953125 0.7780082984375001 0.2217898828125 0.8526970953124999 0.2198443578125 0.854771784375 0.1731517515625 0.8423236515625 0.14396887187500002
58 0.215767634375 0.142996109375 0.2033195015625 0.14785992187500002 0.18879668125 0.1400778203125 0.1224066390625 0.14494163437500002 0.1120331953125 0.19649805468749998 0.116182571875 0.2198443578125 0.2012448125 0.2217898828125 0.24066390000000001 0.2188715953125 0.2427385890625 0.1731517515625 0.23029045625000003 0.14688715937500002 0.215767634375 0.142996109375
42 0.514522821875 0.05933852187500001 0.5082987546875 0.046692606250000004 0.47510373437500003 0.04085603125 0.46265560156249996 0.055447470312500004 0.40248962656250004 0.063229571875 0.4004149375 0.12548638125 0.41078838125 0.1546692609375 0.5663900421875 0.1546692609375 0.5560165968749999 0.150778209375 0.5497925312499999 0.1400778203125 0.564315353125 0.1118677046875 0.5663900421875 0.067120621875 0.553941909375 0.061284046875 0.514522821875 0.05933852187500001
25 0.8485477171875001 0.32684824843750004 0.8174273859375001 0.32295719843750004 0.7863070546875 0.32587548593750004 0.775933609375 0.32101167343750003 0.755186721875 0.32101167343750003 0.70954356875 0.33657587499999997 0.7053941906250001 0.36770427968749997 0.7219917015624999 0.37840466875 0.7572614109375 0.38326848281250003 0.7572614109375 0.3900778203125 0.7676348546875 0.39396887187499996 0.7883817421875 0.39396887187499996 0.7863070546875 0.38132295781250003 0.8174273859375001 0.37645914375 0.85062240625 0.38715953281250004 0.8775933609375001 0.37256809375 0.87966805 0.3453307390625 0.8485477171875001 0.32684824843750004
7 0.6970954359375 0.2762645921875 0.67012448125 0.2782101171875 0.6576763484375 0.29474708125000004 0.663900415625 0.30642023281249997 0.67012448125 0.29961089531249996 0.684647303125 0.29863813281249996 0.699170125 0.308365759375 0.7053941906250001 0.30544747031249997 0.70954356875 0.29669260625 0.699170125 0.2791828796875 0.6970954359375 0.2762645921875
7 0.35269709531250004 0.30252918281249996 0.33402489687500003 0.30544747031249997 0.33402489687500003 0.314202334375 0.30912863125 0.32198443593750004 0.304979253125 0.32976653749999996 0.36929460625 0.32684824843750004 0.39004149374999997 0.33073929999999996 0.38589211562500003 0.32101167343750003 0.35269709531250004 0.30252918281249996
114 0.7468879671875001 0.6070038906249999 0.7136929453125 0.6011673156249999 0.695020746875 0.5914396890625 0.6286307046874999 0.6167315171875 0.6286307046874999 0.6313229578125 0.6680497921875 0.6332684828125 0.665975103125 0.6391050578125 0.680497925 0.6459143968750001 0.7261410781250001 0.6488326843750001 0.724066390625 0.62354085625 0.7593361 0.62645914375 0.7634854765625 0.6147859921875 0.7468879671875001 0.6070038906249999
138 0.8402489624999999 0.5418287937499999 0.79045643125 0.5428015562499999 0.7821576765625 0.5359922171875 0.7427385890625 0.5428015562499999 0.73029045625 0.567120621875 0.70954356875 0.5719844359375 0.7074688796874999 0.5972762640625 0.73029045625 0.6001945531249999 0.734439834375 0.6060311281249999 0.7531120328124999 0.6089494156249999 0.7883817421875 0.62451361875 0.8132780078125 0.62159533125 0.8215767640625 0.62451361875 0.85062240625 0.6128404671875 0.834024896875 0.5894941640625 0.8568464734375001 0.5836575875000001 0.854771784375 0.5680933859375 0.8402489624999999 0.5418287937499999
138 0.226141078125 0.5418287937499999 0.19294605781250002 0.5418287937499999 0.180497925 0.5359922171875 0.1576763484375 0.5408560312499999 0.12863070468749999 0.5408560312499999 0.1120331953125 0.566147859375 0.1016597515625 0.5690661484375 0.0995850625 0.5856031125000001 0.0912863078125 0.5914396890625 0.0912863078125 0.5982490265625 0.10373443906249999 0.6011673156249999 0.1078838171875 0.6099221796875 0.1016597515625 0.62743190625 0.2385892109375 0.62840466875 0.255186721875 0.62451361875 0.26141078906250004 0.5719844359375 0.226141078125 0.5418287937499999
118 0.560165975 0.6089494156249999 0.5165975109375001 0.6108949421875 0.4979253109375 0.6050583656249999 0.47717842343749994 0.6040856031249999 0.4066390046875 0.6089494156249999 0.3983402484375 0.6439688718750001 0.41078838125 0.6994163421875 0.5082987546875 0.7062256812500001 0.5186721984375 0.7003891046875 0.5580912859375 0.6994163421875 0.5684647296875001 0.6653696499999999 0.5663900421875 0.6147859921875 0.560165975 0.6089494156249999