58 0.255186721875 0.1536964984375 0.23651452343749998 0.1536964984375 0.21784232343749999 0.14785992187500002 0.205394190625 0.1527237359375 0.1535269703125 0.1546692609375 0.1431535265625 0.184824903125 0.1431535265625 0.229571984375 0.1825726140625 0.2412451359375 0.18672199218750002 0.23638132343749998 0.24066390000000001 0.2344357984375 0.2572614109375 0.2373540859375 0.27800829843749997 0.229571984375 0.275933609375 0.192607003125 0.255186721875 0.1536964984375
58 0.875518671875 0.1702334625 0.8775933609375001 0.1585603109375 0.8672199171875 0.1527237359375 0.8423236515625 0.1527237359375 0.8319502078125 0.1575875484375 0.815352696875 0.1517509734375 0.7717842328125 0.1536964984375 0.7572614109375 0.186770428125 0.7593361 0.230544746875 0.784232365625 0.2373540859375 0.7966804984375 0.23249027187500002 0.8609958499999999 0.2344357984375 0.883817428125 0.231517509375 0.8900414937500001 0.226653696875 0.8879668046875 0.185797665625 0.875518671875 0.1702334625
42 0.5373443984375 0.0700389109375 0.5207468875 0.0544747078125 0.48962655625 0.060311284374999996 0.46887966875 0.07198443593750001 0.4336099578125 0.07392996093750001 0.42946058125000003 0.12062256874999999 0.443983403125 0.16536964999999998 0.585062240625 0.1643968875 0.5809128625 0.150778209375 0.595435684375 0.12256809375 0.5975103734375 0.078793775 0.5912863078124999 0.0749027234375 0.5373443984375 0.0700389109375
7 0.85062240625 0.35700389062500004 0.8381742734375001 0.37451361875 0.8402489624999999 0.38424124531250003 0.8568464734375001 0.37840466875 0.8734439828125 0.37840466875 0.8775933609375001 0.38715953281250004 0.885892115625 0.38521400781250004 0.8900414937500001 0.37645914375 0.8775933609375001 0.36770427968749997 0.8775933609375001 0.358949415625 0.85062240625 0.35700389062500004
7 0.62033195 0.42801556406249996 0.5995850625 0.441634240625 0.63070539375 0.45233462968750004 0.6327800828125001 0.46108949375 0.6514522828125 0.45330739375 0.6431535265625 0.44357976718750003 0.645228215625 0.42898832656249997 0.62033195 0.42801556406249996
7 0.5497925312499999 0.42607003906249996 0.5684647296875001 0.45428015625 0.5829875515625 0.44747081718750004 0.5767634859374999 0.42607003906249996 0.5497925312499999 0.42607003906249996
54 0.8132780078125 0.32392996093750004 0.7676348546875 0.31906614843750003 0.7427385890625 0.35214007812500003 0.75103734375 0.36284046718749996 0.76970954375 0.36964980468749997 0.7987551875000001 0.36089494218749996 0.8091286312499999 0.37159533125 0.8132780078125 0.358949415625 0.834024896875 0.3424124515625 0.8319502078125 0.33365758749999996 0.8132780078125 0.32392996093750004
25 0.7717842328125 0.4124513625 0.7406639 0.39494163437499996 0.6825726140625 0.3900778203125 0.6493775937499999 0.39202334687499996 0.60995850625 0.4202334625 0.614107884375 0.436770428125 0.7074688796874999 0.46498054531250005 0.7199170125000001 0.47276264531249995 0.7365145234375 0.47276264531249995 0.75103734375 0.46789883281250005 0.7883817421875 0.435797665625 0.7863070546875 0.42801556406249996 0.7717842328125 0.4124513625
89 0.5228215765625001 0.46595330781250005 0.5082987546875 0.46692607031250005 0.4336099578125 0.48443579843749995 0.4315352703125 0.5194552531250001 0.439834025 0.5243190656250001 0.5020746890625001 0.5214007781250001 0.535269709375 0.5252918281250001 0.545643153125 0.5223735406250001 0.5373443984375 0.501945525 0.5477178421875 0.48540856093749996 0.535269709375 0.47081712031249995 0.5228215765625001 0.46595330781250005
132 0.744813278125 0.5428015562499999 0.7261410781250001 0.5544747078125 0.7199170125000001 0.5768482484375 0.734439834375 0.5817120625000001 0.75103734375 0.5817120625000001 0.7634854765625 0.5710116734375 0.7676348546875 0.5428015562499999 0.744813278125 0.5428015562499999
138 0.81120331875 0.5535019453125 0.8091286312499999 0.5505836578125 0.76970954375 0.557392996875 0.7365145234375 0.6040856031249999 0.755186721875 0.6167315171875 0.7593361 0.6303501953125 0.8070539421875 0.6303501953125 0.8215767640625 0.6361867703125 0.8402489624999999 0.6332684828125 0.8526970953124999 0.6371595328125 0.8568464734375001 0.6313229578125 0.8921161828124999 0.62840466875 0.9024896265625 0.6177042796875 0.9066390046875 0.5963035015625 0.8775933609375001 0.567120621875 0.875518671875 0.5544747078125 0.81120331875 0.5535019453125
138 0.2634854765625 0.5729571984375 0.2572614109375 0.5535019453125 0.2199170125 0.5515564203125 0.215767634375 0.5476653703125 0.20954356875000002 0.5525291828125 0.19294605781250002 0.5544747078125 0.1618257265625 0.5525291828125 0.1535269703125 0.5564202328125 0.1535269703125 0.5667966921875001 0.12448132812499998 0.6089494156249999 0.1327800828125 0.6099221796875 0.145228215625 0.6303501953125 0.1680497921875 0.6332684828125 0.184647303125 0.6303501953125 0.2033195015625 0.6352140078125 0.226141078125 0.6313229578125 0.23651452343749998 0.6361867703125 0.2676348546875 0.62840466875 0.2883817421875 0.6138132296875 0.29045643125 0.5924124515625 0.2634854765625 0.5729571984375
145 0.2199170125 0.32490272343750004 0.21161825781250002 0.33171206249999996 0.19502074687499998 0.32976653749999996 0.2012448125 0.3414396890625 0.234439834375 0.35311284062500004 0.244813278125 0.3424124515625 0.23651452343749998 0.32976653749999996 0.2199170125 0.32490272343750004
118 0.5912863078124999 0.6196498046875 0.5 0.6167315171875 0.4377593359375 0.6196498046875 0.4315352703125 0.6566147859375 0.4419087140625 0.7091439687500001 0.5373443984375 0.7149805453125 0.5518672203125 0.7101167312500001 0.5871369296875 0.7101167312500001 0.5995850625 0.6750972765625 0.5975103734375 0.6391050578125 0.5912863078124999 0.6196498046875