7 0.43600000000000005 0.46298031875 0.41 0.46204311093749995 0.41 0.4807872546875 0.426 0.48641049687500004 0.44000000000000006 0.4854732890625 0.43600000000000005 0.46298031875
7 0.344 0.3917525765625 0.31 0.37582005625 0.294 0.3767572640625 0.27 0.38612933437499997 0.266 0.392689784375 0.288 0.3936269921875 0.3 0.399250234375 0.344 0.3917525765625
7 0.236 0.3570759140625 0.21200000000000002 0.3570759140625 0.21000000000000002 0.37582005625 0.22999999999999998 0.3805060921875 0.24 0.37300843437500003 0.236 0.3570759140625
25 0.266 0.4779756328125 0.256 0.47235239062499995 0.256 0.46204311093749995 0.268 0.45641986875 0.296 0.45829428281249995 0.302 0.453608246875 0.302 0.44892221250000003 0.288 0.44892221250000003 0.27599999999999997 0.43955014062500003 0.27999999999999997 0.42549203437500005 0.274 0.41799437656249994 0.25 0.406747890625 0.22200000000000003 0.40768509843749995 0.188 0.4170571703125 0.18 0.43673851875 0.188 0.466729146875 0.22999999999999998 0.4845360828125 0.266 0.4779756328125
54 0.22599999999999998 0.3139643859375 0.264 0.3158388 0.274 0.3102155578125 0.27999999999999997 0.29522024375 0.258 0.2671040296875 0.24 0.2661668234375 0.21600000000000003 0.2708528578125 0.196 0.2802249296875 0.194 0.2905342078125 0.20400000000000001 0.2933458296875 0.21600000000000003 0.31958762812499997 0.22599999999999998 0.3139643859375
54 0.236 0.2549203375 0.236 0.2614807875 0.258 0.2633552015625 0.258 0.25398312968750003 0.236 0.2549203375
58 0.792 0.2464854734375 0.8539999999999999 0.244611059375 0.858 0.20899718906250003 0.8480000000000001 0.171508903125 0.79 0.16869728281250002 0.744 0.174320525 0.748 0.1855670109375 0.732 0.197750703125 0.734 0.2427366453125 0.792 0.2464854734375
58 0.254 0.171508903125 0.202 0.1668228671875 0.19 0.1668228671875 0.182 0.171508903125 0.154 0.171508903125 0.142 0.198687909375 0.144 0.244611059375 0.264 0.24367385156250002 0.266 0.205248359375 0.254 0.171508903125
42 0.42000000000000004 0.1827553890625 0.5700000000000001 0.18181818125 0.5700000000000001 0.164011246875 0.5820000000000001 0.144329896875 0.5780000000000001 0.0937207125 0.552666 0.0918462984375 0.508 0.076850984375 0.49400000000000005 0.07591377656250001 0.484 0.089971884375 0.42800000000000005 0.0937207125 0.42000000000000004 0.0984067484375 0.422 0.1424554828125 0.43600000000000005 0.171508903125 0.42000000000000004 0.1827553890625
89 0.47400000000000003 0.5473289593749999 0.5700000000000001 0.5473289593749999 0.58 0.5426429234375 0.5740000000000001 0.529522025 0.58 0.51077788125 0.5700000000000001 0.506091846875 0.49000000000000005 0.493908153125 0.476 0.49671977500000003 0.47000000000000003 0.5042174328125 0.47800000000000004 0.5154639171875 0.47800000000000004 0.5304592312499999 0.46799999999999997 0.5426429234375 0.47400000000000003 0.5473289593749999
132 0.088 0.536082475 0.038 0.5510777874999999 0.036 0.574507965625 0.064 0.5876288656249999 0.10600000000000001 0.5417057171875 0.088 0.536082475
114 0.286 0.5716963453125 0.298 0.5641986875 0.32 0.567010309375 0.32 0.55014058125 0.264 0.529522025 0.25 0.529522025 0.23199999999999998 0.5379568890625 0.22799999999999998 0.5445173390625 0.21200000000000002 0.55014058125 0.26 0.5716963453125 0.286 0.5716963453125
138 0.148 0.6166822875 0.148 0.626991565625 0.16599999999999998 0.627928771875 0.174 0.634489221875 0.184 0.6260543578125 0.20600000000000002 0.621368321875 0.22200000000000003 0.6288659796875 0.264 0.6288659796875 0.27599999999999997 0.61105904375 0.286 0.6091846296875 0.286 0.6026241796875 0.266 0.5904404875 0.272 0.581068415625 0.262 0.580131209375 0.254 0.5707591375 0.254 0.55670103125 0.20400000000000001 0.5482661671875 0.178 0.55670103125 0.156 0.5557638234375 0.152 0.5585754453125 0.13 0.5970009375 0.122 0.5970009375 0.124 0.6119962515624999 0.148 0.6166822875
138 0.74 0.6185567015625 0.738 0.626991565625 0.758 0.6298031859375001 0.772 0.6251171515625 0.792 0.63074039375 0.8220000000000001 0.627928771875 0.8539999999999999 0.6298031859375001 0.86 0.6260543578125 0.858 0.5885660734375 0.8460000000000001 0.5557638234375 0.75 0.5557638234375 0.744 0.5585754453125 0.734 0.5932521093750001 0.754 0.59793814375 0.756 0.6101218375 0.74 0.6185567015625
118 0.476 0.7122774140625 0.5700000000000001 0.7066541703125 0.58 0.6532333640625 0.5740000000000001 0.6194939078125 0.54 0.6185567015625 0.524 0.6223055296875 0.5 0.614807871875 0.472 0.6223055296875 0.458 0.6194939078125 0.426 0.6194939078125 0.422 0.6223055296875 0.418 0.6729147140625 0.42800000000000005 0.7057169640625001 0.472 0.708528584375 0.476 0.7122774140625