7 0.42592592656250006 0.48362235 0.44032921875 0.482658959375 0.4362139921875 0.459537571875 0.4094650203125 0.45857418125000005 0.4094650203125 0.47784200312499997 0.42592592656250006 0.48362235
7 0.3065843625 0.36994219687499996 0.29012345625 0.37090558749999997 0.2654320984375 0.3805394984375 0.26131687187499997 0.38728323750000004 0.28395061718750003 0.388246628125 0.296296296875 0.394026975 0.3415637859375 0.38631984531249997 0.3065843625 0.36994219687499996
7 0.2242798359375 0.3747591515625 0.23456790156250001 0.3670520234375 0.230452675 0.3506743734375 0.2057613171875 0.3506743734375 0.20370370312500002 0.36994219687499996 0.2242798359375 0.3747591515625
25 0.2716049375 0.43545279375 0.2757201640625 0.4210019265625 0.269547325 0.4132947984375 0.2448559671875 0.4017341046875 0.2160493828125 0.40269749531250004 0.18106995937499998 0.41233140625000003 0.17283950625 0.43256262031250003 0.18106995937499998 0.46339113750000005 0.2242798359375 0.48169556875 0.26131687187499997 0.47495182968750005 0.25102880625 0.469171484375 0.25102880625 0.45857418125000005 0.2633744859375 0.452793834375 0.29218107031249996 0.45472061718749995 0.298353909375 0.44990366093749995 0.298353909375 0.44508670468749995 0.28395061718750003 0.44508670468749995 0.2716049375 0.43545279375
54 0.1872427984375 0.282273603125 0.1975308640625 0.2851637765625 0.20987654375 0.312138728125 0.220164609375 0.30635838125000003 0.259259259375 0.3082851640625 0.269547325 0.3025048171875 0.2757201640625 0.287090559375 0.2530864203125 0.258188825 0.23456790156250001 0.2572254328125 0.20987654375 0.2620423890625 0.1893004109375 0.2716763 0.1872427984375 0.282273603125
54 0.230452675 0.24566474062500002 0.230452675 0.252408478125 0.2530864203125 0.254335259375 0.2530864203125 0.24470134843750002 0.230452675 0.24566474062500002
58 0.7427983546875 0.23314065468749998 0.8024691359375 0.2369942203125 0.8662551437499999 0.2350674375 0.8703703703125001 0.1984585734375 0.8600823046875 0.159922928125 0.800411521875 0.1570327546875 0.7530864203125 0.1628131015625 0.7572016453125 0.1743737953125 0.740740740625 0.18689788125 0.7427983546875 0.23314065468749998
58 0.26131687187499997 0.194605009375 0.24897119375 0.159922928125 0.1954732515625 0.15510597343750002 0.183127571875 0.15510597343750002 0.17489711875 0.159922928125 0.146090534375 0.159922928125 0.13374485625000002 0.18786127187499999 0.13580246875 0.2350674375 0.259259259375 0.23410404687500003 0.26131687187499997 0.194605009375
42 0.48559670781250003 0.07610789999999999 0.42798353906250003 0.0799614640625 0.4197530859375 0.0847784203125 0.4218107 0.13005780312499998 0.4362139921875 0.159922928125 0.4197530859375 0.171483621875 0.5740740734374999 0.17052023125 0.5740740734374999 0.15221579999999998 0.586419753125 0.1319845859375 0.5823045265625 0.0799614640625 0.5562407406250001 0.0780346828125 0.510288065625 0.06262042343749999 0.49588477343750004 0.0616570328125 0.48559670781250003 0.07610789999999999
89 0.471193415625 0.5019267828125 0.47942386875 0.5134874765624999 0.47942386875 0.528901734375 0.46913580312500003 0.54142581875 0.4753086421875 0.546242775 0.5740740734374999 0.546242775 0.5843621406249999 0.54142581875 0.5781893 0.5279383421875 0.5843621406249999 0.5086705203124999 0.5740740734374999 0.5038535640624999 0.49176954687499996 0.4913294796875 0.47736625468750005 0.49421965312499994 0.471193415625 0.5019267828125
132 0.0534979421875 0.5876685937499999 0.09670781875 0.540462428125 0.07818929999999999 0.5346820812499999 0.026748971875 0.5500963390625 0.024691357812500002 0.5741811171875 0.0534979421875 0.5876685937499999
114 0.2057613171875 0.5491329484375 0.2551440328125 0.57129094375 0.2818930046875 0.57129094375 0.2942386828125 0.563583815625 0.316872428125 0.5664739890625 0.316872428125 0.5491329484375 0.259259259375 0.5279383421875 0.2448559671875 0.5279383421875 0.22633744843749998 0.5366088625 0.222222221875 0.5433526015625 0.2057613171875 0.5491329484375
138 0.2716049375 0.611753371875 0.2818930046875 0.6098265890625 0.2818930046875 0.6030828515625 0.26131687187499997 0.5905587671875 0.26748971250000003 0.58092485625 0.2572016453125 0.5799614640625 0.24897119375 0.570327553125 0.24897119375 0.5558766859375 0.1975308640625 0.547206165625 0.17078189375 0.5558766859375 0.1481481484375 0.5549132953125 0.144032921875 0.55780346875 0.12139917656250002 0.5973025046875 0.113168725 0.5973025046875 0.1152263375 0.6127167625000001 0.1399176953125 0.6175337187500001 0.1399176953125 0.628131021875 0.1584362140625 0.6290944125 0.1666666671875 0.63583815 0.17695473281250002 0.6271676296875001 0.199588478125 0.6223506750000001 0.2160493828125 0.6300578031249999 0.259259259375 0.6300578031249999 0.2716049375 0.611753371875
138 0.8703703703125001 0.588631984375 0.858024690625 0.5549132953125 0.759259259375 0.5549132953125 0.7530864203125 0.55780346875 0.7427983546875 0.593448940625 0.7633744859375 0.5982658953125 0.7654320984375 0.6107899812500001 0.74897119375 0.6194605015625 0.7469135796875 0.628131021875 0.7674897125 0.6310211953125 0.7818930046875 0.6262042390625 0.8024691359375 0.6319845859375001 0.8333333328125001 0.6290944125 0.8662551437499999 0.6310211953125 0.8724279828125001 0.6271676296875001 0.8703703703125001 0.588631984375
118 0.4588477359375 0.6204238921874999 0.42592592656250006 0.6204238921874999 0.4218107 0.623314065625 0.4176954734375 0.6753371875 0.42798353906250003 0.7090558765625 0.473251028125 0.71194605 0.47736625468750005 0.7157996140625 0.5740740734374999 0.7100192671875 0.5843621406249999 0.6551059734375 0.5781893 0.6204238921874999 0.5432098765625 0.6194605015625 0.526748971875 0.623314065625 0.5020576125 0.6156069359375 0.473251028125 0.623314065625 0.4588477359375 0.6204238921874999