42 0.5635245906249999 0.0804597703125 0.5184426234374999 0.07854406093750001 0.5 0.06226053593749999 0.4692622953125 0.0689655171875 0.46106557343750004 0.079501915625 0.41393442656249996 0.08333333281250001 0.4077868859375 0.1273946359375 0.424180328125 0.173371646875 0.5 0.177203065625 0.5676229515625 0.173371646875 0.5614754093750001 0.15613026875 0.5758196718749999 0.1302682 0.5758196718749999 0.08620689687500001 0.5635245906249999 0.0804597703125
58 0.2397540984375 0.1628352484375 0.1905737703125 0.15900383125 0.174180328125 0.1628352484375 0.1393442625 0.1628352484375 0.1290983609375 0.1906130265625 0.1290983609375 0.2375478921875 0.172131146875 0.25 0.1987704921875 0.24042145625 0.21516393437499998 0.24042145625 0.23770491875 0.24712643750000002 0.243852459375 0.24042145625 0.26229508125 0.23850574687499998 0.256147540625 0.189655171875 0.2397540984375 0.1628352484375
58 0.84836065625 0.1628352484375 0.8053278687500001 0.1628352484375 0.784836065625 0.1580459765625 0.7459016390625 0.1628352484375 0.7356557375 0.19157088125 0.7356557375 0.235632184375 0.7459016390625 0.23850574687499998 0.8565573765625001 0.2375478921875 0.8627049187500001 0.23371647499999998 0.8606557374999999 0.1925287359375 0.84836065625 0.1628352484375
25 0.727459015625 0.46072796875 0.7008196718749999 0.45402298906249994 0.6700819671875 0.45402298906249994 0.633196721875 0.4549808421875 0.6065573765625001 0.47318007656249994 0.604508196875 0.48180076562499996 0.616803278125 0.485632184375 0.6434426234374999 0.5086206890625 0.6741803281250001 0.5191570875 0.6782786890625 0.5268199234375001 0.721311475 0.52298850625 0.741803278125 0.511494253125 0.75 0.5038314171875 0.7459016390625 0.4798850578125 0.727459015625 0.46072796875
54 0.4323770484375 0.3793103453125 0.42622950781249996 0.3821839078125 0.4426229515625 0.4128352484375 0.43032786874999995 0.4291187734375 0.4549180328125 0.42816092031249997 0.471311475 0.4473180078125 0.479508196875 0.4425287359375 0.49795082031250004 0.4406130265625 0.5020491796875 0.4291187734375 0.48975409843750006 0.4147509578125 0.4959016390625 0.4080459765625 0.491803278125 0.3994252875 0.522540984375 0.3936781609375 0.5184426234374999 0.381226053125 0.4323770484375 0.3793103453125
7 0.3893442625 0.3754789265625 0.3729508203125 0.3888888890625 0.3893442625 0.397509578125 0.3934426234375 0.41091954062499997 0.4057377046875 0.41091954062499997 0.41598360625 0.4032567046875 0.41393442656249996 0.3754789265625 0.3893442625 0.3754789265625
7 0.35040983593749997 0.3994252875 0.3360655734375 0.4147509578125 0.3565573765625 0.42528735624999997 0.3709016390625 0.423371646875 0.3770491796875 0.3994252875 0.35040983593749997 0.3994252875
119 0.56967213125 0.6206896546875 0.522540984375 0.618773946875 0.506147540625 0.613984675 0.48975409843750006 0.613984675 0.48155737656250003 0.6206896546875 0.4692622953125 0.621647509375 0.41803278749999995 0.6206896546875 0.40983606562499997 0.6532567046875 0.422131146875 0.709770115625 0.47336065625 0.7164750953125 0.520491803125 0.7164750953125 0.528688525 0.7116858234375 0.547131146875 0.7136015328124999 0.5676229515625 0.709770115625 0.577868853125 0.6781609203125 0.5758196718749999 0.6302682 0.56967213125 0.6206896546875
138 0.84836065625 0.5545977015625 0.8176229515625 0.553639846875 0.7950819671875 0.5593869734375 0.778688525 0.553639846875 0.756147540625 0.553639846875 0.7254098359375 0.59770115 0.7131147546875 0.605363984375 0.715163934375 0.6111111109375 0.7315573765625001 0.614942528125 0.7336065578125 0.6293103453125 0.8278688531249999 0.637931034375 0.8545081968750001 0.6293103453125 0.8627049187500001 0.614942528125 0.840163934375 0.605363984375 0.8586065578125 0.595785440625 0.8586065578125 0.5842911875000001 0.84836065625 0.5545977015625
138 0.2459016390625 0.5694444437499999 0.243852459375 0.556513409375 0.2254098359375 0.548850575 0.1393442625 0.556513409375 0.1065573765625 0.6063218390625 0.131147540625 0.6321839078125 0.1926229515625 0.636015325 0.20901639374999997 0.6321839078125 0.2172131140625 0.6369731796875 0.2479508203125 0.6302682 0.256147540625 0.6197318 0.270491803125 0.614942528125 0.272540984375 0.5948275859375001 0.2459016390625 0.5694444437499999
114 0.272540984375 0.3888888890625 0.2520491796875 0.38984674375 0.2110655734375 0.4003831421875 0.2110655734375 0.40900383125 0.229508196875 0.41570881249999997 0.23770491875 0.42456896562499996 0.23770491875 0.439655171875 0.2479508203125 0.4473180078125 0.272540984375 0.4425287359375 0.27459016406250003 0.4310344828125 0.3012295078125 0.4214559390625 0.28688524531250004 0.3984674328125 0.272540984375 0.3888888890625
89 0.6086065578125 0.5316091953125001 0.5860655734375 0.5296934859375 0.56967213125 0.53927203125 0.522540984375 0.5498084296875 0.528688525 0.5670498078125 0.520491803125 0.5756704984375001 0.522540984375 0.5852490421875001 0.5368852453125 0.5890804593750001 0.5655737703125 0.586206896875 0.6290983609375 0.5881226046875 0.6352459015624999 0.5823754796875 0.6270491796875 0.5603448281250001 0.631147540625 0.5517241375 0.6086065578125 0.5316091953125001
145 0.7540983609375 0.5296934859375 0.7192622953125001 0.5268199234375001 0.7479508203125 0.553639846875 0.770491803125 0.5498084296875 0.76229508125 0.534482759375 0.7540983609375 0.5296934859375
145 0.6967213109375 0.521072796875 0.6782786890625 0.5296934859375 0.6782786890625 0.540229884375 0.69467213125 0.5507662828125001 0.7069672125 0.5431034484375 0.7049180328125 0.5268199234375001 0.6967213109375 0.521072796875
145 0.6352459015624999 0.5287356328125 0.616803278125 0.5335249046875 0.618852459375 0.5431034484375 0.6290983609375 0.548850575 0.653688525 0.5459770109375001 0.6434426234374999 0.53927203125 0.6434426234374999 0.5316091953125001 0.6352459015624999 0.5287356328125
133 0.9180327875 0.5708812265625001 0.8627049187500001 0.5737547890625 0.8586065578125 0.576628353125 0.8627049187500001 0.5890804593750001 0.883196721875 0.592911878125 0.8995901640625 0.6168582375 0.9118852453124999 0.6197318 0.9200819671874999 0.6130268203125 0.9446721312499999 0.6082375484375 0.9467213109375001 0.5900383140625001 0.9344262296875 0.57758620625 0.9180327875 0.5708812265625001