25 0.42400000000000004 0.520149953125 0.43600000000000005 0.5023430171875 0.446 0.499531396875 0.45999999999999996 0.5014058109375 0.47400000000000003 0.509840675 0.49800000000000005 0.513589503125 0.54 0.516401125 0.554 0.51077788125 0.5559999999999999 0.49859418906249997 0.548 0.4910965328125 0.516 0.49015932500000003 0.504 0.47703842500000004 0.508 0.46298031875 0.492 0.45454545468749996 0.396 0.44236176250000003 0.368 0.452671040625 0.376 0.512652296875 0.392 0.520149953125 0.404 0.522961575 0.42400000000000004 0.520149953125
7 0.22599999999999998 0.43298969062500003 0.21400000000000002 0.41799437656249994 0.192 0.4208059984375 0.182 0.44517338281249996 0.19 0.453608246875 0.21600000000000003 0.44985941875 0.22599999999999998 0.43298969062500003
7 0.3 0.43580131250000004 0.296 0.4170571703125 0.272 0.4170571703125 0.272 0.4311152765625 0.282 0.4404873484375 0.29 0.4404873484375 0.3 0.43580131250000004
7 0.312 0.378631678125 0.308 0.3748828484375 0.286 0.3748828484375 0.284 0.392689784375 0.296 0.3983130265625 0.312 0.392689784375 0.312 0.378631678125
7 0.156 0.3917525765625 0.13 0.3917525765625 0.128 0.40393627031249996 0.136 0.412371134375 0.158 0.41424554843749994 0.156 0.3917525765625
54 0.20400000000000001 0.38612933437499997 0.20400000000000001 0.40206185625 0.24 0.405810684375 0.23399999999999999 0.38519212812500003 0.20400000000000001 0.38612933437499997
54 0.266 0.205248359375 0.254 0.171508903125 0.21200000000000002 0.171508903125 0.198 0.1668228671875 0.184 0.171508903125 0.156 0.171508903125 0.142 0.198687909375 0.144 0.244611059375 0.21600000000000003 0.2464854734375 0.264 0.24367385156250002 0.266 0.205248359375
58 0.266 0.2061855671875 0.254 0.171508903125 0.188 0.1668228671875 0.178 0.174320525 0.16 0.170571696875 0.152 0.17525773125 0.13999999999999999 0.204311153125 0.142 0.24367385156250002 0.262 0.244611059375 0.266 0.2061855671875
58 0.792 0.2464854734375 0.8539999999999999 0.244611059375 0.8560000000000001 0.197750703125 0.8480000000000001 0.171508903125 0.794 0.1696344890625 0.748 0.171508903125 0.744 0.174320525 0.746 0.18650421718750002 0.732 0.197750703125 0.734 0.24367385156250002 0.792 0.2464854734375
42 0.42800000000000005 0.18181818125 0.5700000000000001 0.18181818125 0.5820000000000001 0.144329896875 0.5780000000000001 0.0937207125 0.544 0.0918462984375 0.522 0.08341143437500001 0.518 0.076850984375 0.49400000000000005 0.07403936250000001 0.484 0.07591377656250001 0.47800000000000004 0.0890346765625 0.42800000000000005 0.0937207125 0.42000000000000004 0.0984067484375 0.42400000000000004 0.15182755312500001 0.43600000000000005 0.1630740390625 0.42800000000000005 0.18181818125
132 0.03 0.5895032796875 0.041999999999999996 0.5904404875 0.074 0.55670103125 0.074 0.5492033734375 0.064 0.5454545453125 0.022 0.5445173390625 0.004 0.5492033734375 0 0.5726335515625001 0.008 0.5782567953125 0.028000000000000004 0.581068415625 0.03 0.5895032796875
138 0.764 0.627928771875 0.768 0.634489221875 0.776 0.6288659796875 0.796 0.6335520156250001 0.8099999999999999 0.6298031859375001 0.8539999999999999 0.6298031859375001 0.866 0.6091846296875 0.876 0.607310215625 0.8460000000000001 0.5576382375 0.754 0.5557638234375 0.744 0.5595126515625 0.736 0.5932521093750001 0.754 0.6119962515624999 0.74 0.626991565625 0.764 0.627928771875
138 0.146 0.6185567015625 0.144 0.626991565625 0.176 0.6335520156250001 0.18 0.62417994375 0.20600000000000002 0.62417994375 0.21600000000000003 0.6298031859375001 0.258 0.6298031859375001 0.266 0.626991565625 0.274 0.6091846296875 0.284 0.6082474234374999 0.284 0.6035613875 0.27799999999999997 0.6026241796875 0.258 0.552952203125 0.22200000000000003 0.5510777874999999 0.192 0.55670103125 0.184 0.553889409375 0.154 0.5548266171875 0.148 0.574507965625 0.136 0.5848172453125 0.132 0.5960637296875 0.156 0.59793814375 0.156 0.614807871875 0.146 0.6185567015625
118 0.472 0.708528584375 0.476 0.7122774140625 0.49400000000000005 0.708528584375 0.522 0.7104029984375 0.5700000000000001 0.7066541703125 0.58 0.6532333640625 0.5740000000000001 0.6194939078125 0.51 0.614807871875 0.48 0.6157450796874999 0.462 0.621368321875 0.42800000000000005 0.6194939078125 0.42000000000000004 0.6326148078125 0.418 0.67197750625 0.42800000000000005 0.6860356140625 0.42800000000000005 0.7057169640625001 0.472 0.708528584375
114 0.268 0.4686035609375 0.272 0.460168696875 0.296 0.452671040625 0.314 0.452671040625 0.31 0.4404873484375 0.298 0.43205248437500005 0.27599999999999997 0.43298969062500003 0.256 0.4170571703125 0.22999999999999998 0.41799437656249994 0.20800000000000002 0.4348641046875 0.19 0.4376757265625 0.186 0.452671040625 0.20400000000000001 0.452671040625 0.25 0.470477975 0.268 0.4686035609375