58 0.8502109703125 0.137351778125 0.8059071734375 0.13932806250000002 0.7953586500000001 0.13438735156249998 0.7510548515625 0.13932806250000002 0.738396625 0.17490118593749998 0.7447257390625001 0.2173913046875 0.8691983125 0.21541502031249998 0.8713080171875 0.171936759375 0.8586497890624999 0.1413043484375 0.8502109703125 0.137351778125
58 0.19620253125 0.13438735156249998 0.126582278125 0.13932806250000002 0.11603375468749999 0.16897233125 0.118143459375 0.21640316249999997 0.20464135 0.218379446875 0.2447257390625 0.21541502031249998 0.24683544375 0.169960475 0.234177215625 0.142292490625 0.19620253125 0.13438735156249998
42 0.5337552750000001 0.05533596875 0.5105485234375 0.047430829687499995 0.50843881875 0.0395256921875 0.4978902953125 0.037549407812500005 0.47257383906249995 0.0395256921875 0.4578059078125 0.05533596875 0.4092827 0.057312253125000004 0.40506329062499996 0.1106719375 0.41772151874999996 0.15019762812499998 0.4324894515625 0.1531620546875 0.569620253125 0.15019762812499998 0.5590717296875 0.13932806250000002 0.5738396625 0.10869565156250001 0.5759493671875 0.062252964062500006 0.5675105484375 0.057312253125000004 0.5337552750000001 0.05533596875
54 0.8185654015624999 0.35968379375000004 0.799578059375 0.3606719375 0.7953586500000001 0.3418972328125 0.7721518984375 0.342885375 0.7510548515625 0.3824110671875 0.7510548515625 0.3932806328125 0.7594936703124999 0.3952569171875 0.7594936703124999 0.404150196875 0.7700421937499999 0.4100790515625 0.8185654015624999 0.4100790515625 0.839662446875 0.37252964375 0.8185654015624999 0.35968379375000004
7 0.8375527421875001 0.442687746875 0.831223628125 0.4456521734375 0.8248945140625 0.45750988125000003 0.8417721515625001 0.46837944687500005 0.8544303796875001 0.46837944687500005 0.8670886078125 0.46146244999999997 0.86075949375 0.4456521734375 0.8375527421875001 0.442687746875
7 0.5527426156249999 0.4357707515625 0.5801687765625 0.46837944687500005 0.6012658234375 0.4634387359375 0.6012658234375 0.43972332031250005 0.594936709375 0.4357707515625 0.5527426156249999 0.4357707515625
7 0.5400843875 0.41600790468750004 0.5316455703125 0.4209486171875 0.535864978125 0.4328063234375 0.5527426156249999 0.4436758890625 0.5717299578125 0.4357707515625 0.5632911390625 0.429841896875 0.5632911390625 0.41897233125 0.5400843875 0.41600790468750004
25 0.6455696203125 0.41600790468750004 0.62236286875 0.409090909375 0.5738396625 0.4061264828125 0.5548523203125 0.413043478125 0.5632911390625 0.416996046875 0.5632911390625 0.442687746875 0.586497890625 0.48122529687500004 0.6371308015625 0.48320158125 0.6666666671875 0.47727272656249997 0.6877637125 0.46245059218750006 0.6898734171875 0.446640315625 0.6455696203125 0.41600790468750004
118 0.569620253125 0.6116600796875 0.478902953125 0.6077075093750001 0.46835442968749996 0.6136363640625 0.4156118140625 0.612648221875 0.40717299531249995 0.6492094859375 0.41772151874999996 0.7035573125 0.5168776375 0.709486165625 0.56540084375 0.7025691703125 0.578059071875 0.6660079046875 0.5759493671875 0.6383399203125 0.569620253125 0.6116600796875
132 0.7215189875 0.5513833984375001 0.691983121875 0.5523715421875 0.6835443031249999 0.561264821875 0.6814345984375 0.5859683796875 0.6877637125 0.5879446640625 0.71308016875 0.5918972328125001 0.7362869203125 0.58893280625 0.7362869203125 0.5671936765625001 0.725738396875 0.55533596875 0.7215189875 0.5513833984375001
89 0.5 0.45652173906250004 0.41772151874999996 0.47035573125 0.40717299531249995 0.4752964421875 0.40506329062499996 0.505928853125 0.4113924046875 0.5128458499999999 0.45569620312500003 0.5138339921874999 0.48312236249999996 0.50889328125 0.4978902953125 0.5128458499999999 0.5126582281250001 0.5098814234375 0.521097046875 0.505928853125 0.521097046875 0.46936758906250003 0.5 0.45652173906250004
114 0.8059071734375 0.489130434375 0.7405063296875001 0.514822134375 0.738396625 0.523715415625 0.7405063296875001 0.5276679843750001 0.75316455625 0.5286561265625 0.765822784375 0.5247035578125 0.782700421875 0.5276679843750001 0.7953586500000001 0.5227272734375 0.8143459921874999 0.5227272734375 0.8333333328125001 0.5306324109375 0.8354430374999999 0.5266798421875001 0.848101265625 0.5266798421875001 0.873417721875 0.531620553125 0.8713080171875 0.5118577078125 0.8059071734375 0.489130434375
138 0.23628692031249998 0.5583003953125 0.23628692031249998 0.548418971875 0.22784810156250002 0.5434782609375 0.183544303125 0.5345849796875 0.17088607656250002 0.5434782609375 0.1286919828125 0.5434782609375 0.109704640625 0.5711462453125 0.10337552812499999 0.5711462453125 0.109704640625 0.5849802375 0.0928270046875 0.5968379453125 0.109704640625 0.6314229250000001 0.1329113921875 0.629446640625 0.1540084390625 0.6363636359375 0.18565400781250002 0.6314229250000001 0.20253164531249998 0.6413043484375 0.22995780625 0.6304347828125 0.25316455625 0.633399209375 0.2679324890625 0.6116600796875 0.265822784375 0.574110671875 0.23628692031249998 0.5583003953125
138 0.856540084375 0.5434782609375 0.8417721515625001 0.54249011875 0.8248945140625 0.5602766796875 0.8016877640625 0.566205534375 0.765822784375 0.544466403125 0.757383965625 0.5454545453125 0.7594936703124999 0.5523715421875 0.738396625 0.58250988125 0.717299578125 0.5968379453125 0.738396625 0.6086956515625 0.7405063296875001 0.6215415015625 0.791139240625 0.6215415015625 0.80379746875 0.62747035625 0.8333333328125001 0.62747035625 0.8375527421875001 0.6215415015625 0.8628691984374999 0.6195652171875 0.8713080171875 0.605731225 0.8860759500000001 0.605731225 0.890295359375 0.58893280625 0.8797468359374999 0.5859683796875 0.8839662453124999 0.58102766875 0.8755274265624999 0.580039525 0.8628691984374999 0.5642292484375 0.8628691984374999 0.548418971875 0.856540084375 0.5434782609375