94 0.8875 0.79296875 0.13828125 0.08046875
94 0.0921875 0.7921875 0.134375 0.08359375
156 0.13515625 0.57734375 0.14609375 0.0765625
0 0.190625 0.39921875 0.0625 0.0515625
0 0.13984375 0.39609375 0.07421875 0.05234375
73 0.3171875 0.4390625 0.1015625 0.0546875
76 0.521875 0.37265625 0.140625 0.08046875
66 0.56796875 0.45234375 0.0484375 0.04453125
66 0.57265625 0.47421875 0.0546875 0.0515625
66 0.3609375 0.47578125 0.04453125 0.0484375
66 0.3640625 0.45234375 0.046875 0.0453125
45 0.096875 0.6453125 0.1875 0.03515625