99 0.76796875 0.521875 0.1265625 0.0640625
131 0.165625 0.575 0.10390625 0.0765625
90 0.159375 0.4890625 0.08828125 0.06796875
90 0.24375 0.4890625 0.053125 0.0640625
90 0.196875 0.50625 0.0546875 0.06328125
146 0.2296875 0.45234375 0.190625 0.09140625
28 0.04609375 0.290625 0.06640625 0.0546875
28 0.09921875 0.29921875 0.053125 0.0546875
69 0.0390625 0.25625 0.07734375 0.053125
69 0.1015625 0.24609375 0.07109375 0.05625
90 0.178125 0.534375 0.05078125 0.0578125
69 0.15234375 0.2375 0.06953125 0.053125