157 0.74921875 0.65546875 0.07890625 0.05703125
90 0.80625 0.42421875 0.05078125 0.071875
157 0.75234375 0.628125 0.08515625 0.05390625
131 0.8171875 0.6375 0.09140625 0.075
145 0.77421875 0.4671875 0.06640625 0.04140625
90 0.7296875 0.3359375 0.09296875 0.0703125
45 0.1421875 0.57421875 0.1765625 0.03359375
144 0.1859375 0.4578125 0.1875 0.08515625
122 0.13359375 0.47421875 0.1609375 0.03125
57 0.2765625 0.3015625 0.078125 0.075
62 0.14453125 0.36640625 0.05390625 0.05390625
62 0.0984375 0.359375 0.059375 0.0578125
61 0.14140625 0.42890625 0.0953125 0.08359375
146 0.2078125 0.5125 0.19296875 0.10078125