134 0.5765625 0.0625 0.11953125 0.075
131 0.80703125 0.47734375 0.125 0.07890625
69 0.92265625 0.3796875 0.06875 0.06015625
69 0.85859375 0.38984375 0.09140625 0.04375
28 0.86640625 0.4328125 0.05859375 0.04453125
28 0.896875 0.41015625 0.05546875 0.0421875
28 0.8859375 0.46328125 0.05703125 0.04140625
57 0.621875 0.23984375 0.078125 0.075
6 0.51640625 0.378125 0.08828125 0.071875
6 0.4875 0.42578125 0.09765625 0.10546875
6 0.5796875 0.3828125 0.0859375 0.0703125
6 0.58359375 0.421875 0.13203125 0.08359375
157 0.759375 0.44921875 0.08828125 0.059375
69 0.96171875 0.39453125 0.05859375 0.05546875