134 0.5875 0.07890625 0.11484375 0.07265625
131 0.81015625 0.47890625 0.12109375 0.07578125
69 0.9171875 0.3859375 0.0578125 0.05859375
69 0.87265625 0.403125 0.0703125 0.05234375
28 0.8671875 0.4359375 0.05703125 0.04296875
28 0.92265625 0.41875 0.05390625 0.040625
28 0.9015625 0.4578125 0.0546875 0.03984375
57 0.63125 0.25 0.07578125 0.071875
6 0.515625 0.37890625 0.07734375 0.0671875
6 0.503125 0.40703125 0.0984375 0.06015625
6 0.6 0.384375 0.1015625 0.0734375
6 0.6125 0.41796875 0.0921875 0.06484375
157 0.7640625 0.45234375 0.08515625 0.05703125
69 0.9578125 0.39921875 0.0546875 0.053125