94 0.09375 0.8171875 0.14140625 0.08203125
94 0.90703125 0.8171875 0.1375 0.08515625
156 0.8671875 0.59765625 0.15 0.078125
0 0.81484375 0.40546875 0.06015625 0.05078125
0 0.87265625 0.4015625 0.06796875 0.04453125
73 0.66015625 0.45 0.10546875 0.05546875
76 0.4671875 0.38828125 0.14375 0.08203125
66 0.45078125 0.46796875 0.05 0.0453125
66 0.44765625 0.4921875 0.0515625 0.05234375
66 0.60234375 0.49765625 0.04609375 0.05546875
66 0.6 0.4703125 0.05390625 0.046875
45 0.90390625 0.6421875 0.1921875 0.0359375