94 0.09921875 0.815625 0.1390625 0.08125
94 0.89921875 0.81484375 0.13515625 0.08359375
156 0.85546875 0.5984375 0.146875 0.07734375
0 0.79375 0.4234375 0.0625 0.0515625
0 0.846875 0.42109375 0.07421875 0.05234375
73 0.68046875 0.4640625 0.1015625 0.05546875
76 0.46640625 0.39296875 0.14140625 0.08125
66 0.396875 0.47265625 0.04921875 0.04453125
66 0.39609375 0.4953125 0.0546875 0.0515625
66 0.64609375 0.496875 0.0453125 0.0484375
66 0.646875 0.4734375 0.046875 0.04609375
45 0.89375 0.68828125 0.18828125 0.03515625