134 0.4203125 0.04375 0.1203125 0.07578125
131 0.18828125 0.4609375 0.12578125 0.0796875
69 0.071875 0.36328125 0.06875 0.0609375
69 0.1359375 0.37265625 0.0921875 0.04453125
28 0.128125 0.415625 0.059375 0.04453125
28 0.0984375 0.39375 0.05625 0.04296875
28 0.10859375 0.446875 0.05703125 0.04140625
57 0.375 0.221875 0.07890625 0.075
6 0.48046875 0.3609375 0.0890625 0.07265625
6 0.509375 0.40859375 0.0984375 0.10625
6 0.4171875 0.365625 0.08671875 0.07109375
6 0.4125 0.40546875 0.1328125 0.08359375
157 0.2359375 0.4328125 0.0890625 0.059375
69 0.0328125 0.378125 0.059375 0.05546875