94 0.11328125 0.790625 0.1359375 0.07890625
94 0.89296875 0.790625 0.13203125 0.08203125
156 0.85078125 0.5796875 0.14296875 0.075
0 0.790625 0.41171875 0.0609375 0.05
0 0.8421875 0.409375 0.07265625 0.05078125
73 0.6875 0.45 0.09921875 0.05390625
76 0.471875 0.37890625 0.1375 0.07890625
66 0.39453125 0.45703125 0.04765625 0.04375
66 0.39296875 0.47890625 0.053125 0.05
66 0.65625 0.4828125 0.04375 0.04765625
66 0.6546875 0.46171875 0.04609375 0.04453125
45 0.88828125 0.6765625 0.18359375 0.034375