157 0.26796875 0.63046875 0.078125 0.05625
90 0.2140625 0.39609375 0.0546875 0.065625
157 0.2640625 0.60234375 0.08359375 0.053125
131 0.2046875 0.6125 0.0953125 0.07421875
145 0.24140625 0.44140625 0.065625 0.03828125
90 0.28828125 0.30859375 0.09140625 0.06640625
45 0.86328125 0.58125 0.1734375 0.0328125
144 0.8203125 0.44140625 0.184375 0.08359375
122 0.86953125 0.4546875 0.15859375 0.03046875
57 0.73125 0.28671875 0.0765625 0.0734375
62 0.859375 0.35078125 0.05546875 0.053125
62 0.90546875 0.34453125 0.05859375 0.05703125
61 0.8609375 0.41171875 0.1125 0.084375
146 0.7984375 0.49453125 0.18984375 0.09921875