134 0.590625 0.071875 0.1171875 0.0734375
131 0.81640625 0.478125 0.12265625 0.07734375
69 0.92578125 0.3828125 0.05859375 0.059375
69 0.88046875 0.40078125 0.071875 0.053125
28 0.875 0.43359375 0.0578125 0.04375
28 0.93125 0.41640625 0.0546875 0.04140625
28 0.91015625 0.45703125 0.05546875 0.040625
57 0.634375 0.2453125 0.0765625 0.0734375
6 0.5171875 0.3765625 0.07890625 0.06796875
6 0.5046875 0.4046875 0.1 0.0609375
6 0.603125 0.38203125 0.10390625 0.075
6 0.615625 0.41640625 0.09375 0.065625
157 0.76953125 0.45078125 0.08671875 0.0578125
69 0.96640625 0.396875 0.05546875 0.05390625