94 0.89296875 0.7984375 0.13671875 0.0796875
94 0.109375 0.7984375 0.1328125 0.08203125
156 0.1515625 0.58671875 0.14375 0.07578125
0 0.20625 0.4109375 0.06171875 0.05078125
0 0.15625 0.4078125 0.07265625 0.0515625
73 0.33125 0.45078125 0.1 0.05390625
76 0.5328125 0.384375 0.13828125 0.0796875
66 0.578125 0.46328125 0.0484375 0.04375
66 0.5828125 0.48515625 0.05390625 0.05078125
66 0.37421875 0.48671875 0.04453125 0.04765625
66 0.37734375 0.46328125 0.04609375 0.04453125
45 0.1140625 0.65390625 0.184375 0.034375