157 0.25703125 0.6265625 0.075 0.05390625
90 0.203125 0.40625 0.0484375 0.06796875
157 0.2546875 0.59921875 0.08046875 0.05078125
131 0.1921875 0.609375 0.08671875 0.07109375
145 0.23359375 0.446875 0.06328125 0.0390625
90 0.275 0.32265625 0.08828125 0.06640625
45 0.83203125 0.54921875 0.1671875 0.03203125
144 0.790625 0.43828125 0.17734375 0.08046875
122 0.83984375 0.45390625 0.15234375 0.0296875
57 0.7046875 0.28984375 0.07421875 0.07109375
62 0.8296875 0.3515625 0.05078125 0.0515625
62 0.8734375 0.3453125 0.05625 0.0546875
61 0.8328125 0.4109375 0.090625 0.0796875
146 0.7703125 0.48984375 0.1828125 0.0953125