99 0.22890625 0.5203125 0.1234375 0.0625
131 0.82421875 0.57109375 0.1015625 0.075
90 0.83359375 0.484375 0.08359375 0.0640625
90 0.746875 0.48671875 0.0546875 0.06484375
90 0.78984375 0.49921875 0.053125 0.06171875
146 0.775 0.44921875 0.1875 0.0890625
28 0.9421875 0.29765625 0.06484375 0.05390625
28 0.890625 0.30625 0.0515625 0.05390625
69 0.946875 0.2640625 0.07578125 0.05234375
69 0.88828125 0.2546875 0.06953125 0.0546875
90 0.80703125 0.52734375 0.046875 0.05625
69 0.8375 0.2625 0.0609375 0.04921875