134 0.60625 0.034375 0.121875 0.06875
131 0.8421875 0.45234375 0.12734375 0.08046875
69 0.9640625 0.35859375 0.0578125 0.06171875
69 0.91328125 0.37578125 0.07109375 0.05546875
28 0.91640625 0.4046875 0.06015625 0.0453125
28 0.984375 0.40234375 0.03046875 0.05
28 0.96875 0.428125 0.0578125 0.0421875
57 0.653125 0.2109375 0.0796875 0.07578125
6 0.52421875 0.33984375 0.11171875 0.0578125
6 0.5046875 0.37265625 0.10390625 0.06328125
6 0.6171875 0.33671875 0.08203125 0.07734375
6 0.65390625 0.38203125 0.11875 0.06015625
157 0.79296875 0.4234375 0.08984375 0.06015625