94 0.90625 0.815625 0.13984375 0.08125
94 0.1015625 0.815625 0.1359375 0.084375
156 0.1453125 0.59765625 0.14765625 0.07734375
0 0.20703125 0.425 0.06328125 0.0515625
0 0.15390625 0.42265625 0.075 0.053125
73 0.3140625 0.4640625 0.10234375 0.05546875
76 0.53671875 0.390625 0.1421875 0.08125
66 0.61640625 0.47109375 0.04921875 0.0453125
66 0.6171875 0.49375 0.05546875 0.0515625
66 0.34609375 0.4984375 0.0453125 0.04921875
66 0.346875 0.47578125 0.04765625 0.04609375
45 0.10703125 0.69765625 0.1890625 0.03515625