94 0.11875 0.78125 0.1390625 0.08125
94 0.91875 0.78046875 0.13515625 0.08359375
156 0.8796875 0.5640625 0.146875 0.07734375
0 0.828125 0.375 0.05859375 0.05
0 0.884375 0.37109375 0.06640625 0.04375
73 0.67578125 0.41953125 0.10390625 0.0546875
76 0.48671875 0.35859375 0.14140625 0.08125
66 0.4703125 0.43671875 0.04921875 0.04453125
66 0.4671875 0.4609375 0.05078125 0.0515625
66 0.61875 0.46640625 0.0453125 0.0546875
66 0.6171875 0.4390625 0.053125 0.04609375
45 0.91015625 0.6078125 0.1796875 0.034375