134 0.5875 0.07890625 0.11484375 0.07265625
131 0.81015625 0.47890625 0.12109375 0.07578125
69 0.92109375 0.38515625 0.06640625 0.05859375
69 0.86015625 0.39453125 0.08828125 0.0421875
28 0.8671875 0.4359375 0.05703125 0.04296875
28 0.89609375 0.4140625 0.05390625 0.040625
28 0.8859375 0.465625 0.0546875 0.03984375
57 0.63125 0.25 0.07578125 0.071875
6 0.5296875 0.3828125 0.08515625 0.06953125
6 0.5015625 0.42890625 0.09453125 0.1015625
6 0.590625 0.3875 0.0828125 0.06796875
6 0.59453125 0.42578125 0.12734375 0.08046875
157 0.7640625 0.45234375 0.08515625 0.05703125
69 0.95859375 0.39921875 0.05703125 0.053125