99 0.759375 0.51640625 0.121875 0.06171875
131 0.17421875 0.56640625 0.1 0.0734375
90 0.16484375 0.48125 0.08203125 0.06328125
90 0.25078125 0.48359375 0.05390625 0.0640625
90 0.2078125 0.49609375 0.05234375 0.0609375
146 0.22265625 0.446875 0.184375 0.08828125
28 0.05859375 0.29765625 0.0640625 0.053125
28 0.109375 0.30625 0.05078125 0.053125
69 0.05390625 0.26484375 0.07421875 0.0515625
69 0.11171875 0.2546875 0.06875 0.05390625
90 0.19140625 0.5234375 0.04609375 0.05546875
69 0.16171875 0.26328125 0.06015625 0.04765625