94 0.88984375 0.7921875 0.1359375 0.07890625
94 0.11015625 0.79140625 0.13203125 0.08203125
156 0.14765625 0.58125 0.14296875 0.075
0 0.1984375 0.39609375 0.05703125 0.05546875
0 0.14140625 0.39140625 0.06484375 0.04296875
73 0.35078125 0.43828125 0.1015625 0.053125
76 0.53125 0.38046875 0.1375 0.07890625
66 0.53203125 0.45703125 0.04765625 0.04375
66 0.5328125 0.4828125 0.05 0.0546875
66 0.41015625 0.48515625 0.04375 0.053125
66 0.4125 0.4578125 0.053125 0.04453125
45 0.1125 0.61171875 0.18359375 0.034375