99 0.7546875 0.5203125 0.121875 0.06171875
131 0.1734375 0.571875 0.1 0.0734375
90 0.16796875 0.48828125 0.08515625 0.065625
90 0.24921875 0.4890625 0.05078125 0.06171875
90 0.20390625 0.50546875 0.05234375 0.0609375
146 0.23515625 0.453125 0.184375 0.08828125
28 0.05859375 0.29765625 0.0640625 0.053125
28 0.109375 0.30625 0.05078125 0.053125
69 0.0515625 0.2640625 0.07421875 0.0515625
69 0.11171875 0.2546875 0.06875 0.05390625
90 0.1859375 0.5328125 0.04921875 0.05625
69 0.1609375 0.24609375 0.0671875 0.05078125