99 0.759375 0.525 0.12578125 0.06328125
131 0.16015625 0.578125 0.103125 0.07578125
90 0.1546875 0.4921875 0.08828125 0.06796875
90 0.23828125 0.49296875 0.05234375 0.06328125
90 0.19140625 0.509375 0.05390625 0.0625
146 0.2234375 0.45625 0.18984375 0.090625
28 0.04140625 0.2953125 0.06640625 0.0546875
28 0.09375 0.30390625 0.05234375 0.0546875
69 0.03671875 0.26015625 0.0734375 0.05390625
69 0.09609375 0.2515625 0.07109375 0.05546875
90 0.17265625 0.5375 0.05078125 0.0578125
69 0.14765625 0.2421875 0.06953125 0.05234375