134 0.5875 0.07890625 0.11484375 0.07265625
131 0.81015625 0.47890625 0.12109375 0.07578125
69 0.92578125 0.38984375 0.0546875 0.05859375
69 0.878125 0.40625 0.0671875 0.05234375
28 0.88125 0.434375 0.05703125 0.04296875
28 0.9578125 0.43203125 0.05390625 0.046875
28 0.93046875 0.45625 0.0546875 0.03984375
57 0.63125 0.25 0.07578125 0.071875
6 0.50859375 0.37265625 0.10625 0.05546875
6 0.490625 0.403125 0.0984375 0.06015625
6 0.59765625 0.36953125 0.07734375 0.0734375
6 0.63125 0.4125 0.1125 0.05703125
157 0.7640625 0.45234375 0.08515625 0.05703125