134 0.578125 0.07578125 0.1203125 0.07578125
131 0.81015625 0.49296875 0.12578125 0.0796875
69 0.93671875 0.3875 0.10390625 0.04609375
69 0.84453125 0.40078125 0.0796875 0.04453125
28 0.871875 0.44765625 0.0625 0.04453125
28 0.88828125 0.42421875 0.05625 0.0390625
28 0.89609375 0.48125 0.0703125 0.046875
57 0.6234375 0.25390625 0.07890625 0.075
6 0.54453125 0.4 0.0890625 0.07265625
6 0.478125 0.421875 0.1328125 0.06796875
6 0.5859375 0.40625 0.08671875 0.07109375
6 0.6265625 0.43125 0.13671875 0.06875
157 0.7625 0.46484375 0.0890625 0.059375
69 0.9609375 0.403125 0.078125 0.04453125
90 0.5546875 0.4234375 0.0875 0.065625