134 0.409375 0.078125 0.115625 0.07265625
131 0.18515625 0.48046875 0.12109375 0.0765625
69 0.06875 0.390625 0.0546875 0.05859375
69 0.1171875 0.40703125 0.0671875 0.053125
28 0.1140625 0.43515625 0.05703125 0.04296875
28 0.03671875 0.4328125 0.05390625 0.046875
28 0.06484375 0.45703125 0.0546875 0.03984375
57 0.365625 0.25 0.07578125 0.07265625
6 0.48828125 0.37265625 0.10625 0.05546875
6 0.50703125 0.4046875 0.09921875 0.0609375
6 0.39921875 0.3703125 0.078125 0.07421875
6 0.36484375 0.41328125 0.11328125 0.0578125
157 0.23203125 0.453125 0.08515625 0.0578125