157 0.25703125 0.63203125 0.075 0.05390625
90 0.20234375 0.4140625 0.0453125 0.06796875
157 0.25625 0.6046875 0.08046875 0.05078125
131 0.1953125 0.61328125 0.08671875 0.07109375
145 0.234375 0.4546875 0.06328125 0.0390625
90 0.275 0.33203125 0.08515625 0.065625
45 0.83515625 0.53828125 0.1671875 0.03203125
144 0.7703125 0.440625 0.184375 0.08125
122 0.84375 0.48671875 0.15234375 0.0296875
57 0.7046875 0.290625 0.0734375 0.07109375
62 0.82890625 0.34921875 0.0515625 0.04921875
62 0.8828125 0.34609375 0.0765625 0.0578125
61 0.82578125 0.40625 0.090625 0.0875
146 0.803125 0.48984375 0.19296875 0.0859375