94 0.8984375 0.7859375 0.1375 0.0796875
94 0.109375 0.7859375 0.13359375 0.0828125
156 0.15234375 0.57265625 0.1453125 0.07578125
0 0.2109375 0.39921875 0.06171875 0.05078125
0 0.15859375 0.396875 0.0734375 0.0515625
73 0.32890625 0.4375 0.10078125 0.0546875
76 0.5359375 0.3703125 0.1390625 0.0796875
66 0.59296875 0.44921875 0.0484375 0.04375
66 0.5921875 0.47109375 0.05390625 0.05078125
66 0.36875 0.47265625 0.04453125 0.04765625
66 0.36796875 0.45 0.04609375 0.0453125
45 0.11484375 0.6515625 0.18515625 0.034375