157 0.746875 0.6296875 0.07578125 0.0546875
90 0.80234375 0.41015625 0.04609375 0.06875
157 0.7484375 0.60234375 0.08125 0.0515625
131 0.81015625 0.61171875 0.0875 0.071875
145 0.7703125 0.45078125 0.0640625 0.03984375
90 0.72890625 0.32734375 0.08671875 0.06640625
45 0.1625 0.53515625 0.16875 0.03203125
144 0.228125 0.43671875 0.18671875 0.08203125
122 0.15390625 0.4828125 0.1546875 0.0296875
57 0.29453125 0.284375 0.07421875 0.071875
62 0.16875 0.34453125 0.05234375 0.04921875
62 0.1140625 0.34140625 0.07734375 0.05859375
61 0.171875 0.4015625 0.09140625 0.08828125
146 0.1953125 0.48671875 0.1953125 0.08671875