134 0.5875 0.07890625 0.11484375 0.07265625
131 0.81015625 0.47890625 0.12109375 0.07578125
69 0.93046875 0.378125 0.1 0.04375
69 0.8421875 0.390625 0.0765625 0.0421875
28 0.86875 0.4359375 0.06015625 0.04296875
28 0.884375 0.41328125 0.05390625 0.0375
28 0.8921875 0.46796875 0.0671875 0.0453125
57 0.63125 0.25 0.07578125 0.071875
6 0.5546875 0.38984375 0.08515625 0.06953125
6 0.4921875 0.4109375 0.12734375 0.065625
6 0.59453125 0.39609375 0.0828125 0.06796875
6 0.63359375 0.41953125 0.13125 0.065625
157 0.7640625 0.45234375 0.08515625 0.05703125
69 0.95625 0.39296875 0.07734375 0.04296875
90 0.56484375 0.4125 0.084375 0.0625