157 0.7453125 0.61796875 0.078125 0.05625
90 0.7984375 0.3828125 0.0546875 0.06640625
157 0.74921875 0.58984375 0.08359375 0.053125
131 0.80859375 0.6 0.0953125 0.07421875
145 0.771875 0.428125 0.065625 0.03828125
90 0.72421875 0.29453125 0.0921875 0.0671875
45 0.14609375 0.56953125 0.17421875 0.0328125
144 0.18984375 0.428125 0.18515625 0.084375
122 0.13984375 0.4421875 0.159375 0.03125
57 0.27890625 0.2734375 0.07734375 0.07421875
62 0.15 0.3375 0.05546875 0.05390625
62 0.103125 0.33046875 0.05859375 0.05703125
61 0.14921875 0.3984375 0.11328125 0.08515625
146 0.2109375 0.48203125 0.19140625 0.1