134 0.396875 0.07734375 0.11796875 0.07421875
131 0.16796875 0.4875 0.12421875 0.078125
69 0.0484375 0.38203125 0.096875 0.0453125
69 0.13515625 0.396875 0.07890625 0.04375
28 0.1078125 0.44296875 0.06171875 0.04375
28 0.09140625 0.41953125 0.0546875 0.03828125
28 0.08359375 0.47578125 0.06875 0.04609375
57 0.35234375 0.25234375 0.078125 0.07421875
6 0.43046875 0.39609375 0.0875 0.07109375
6 0.4953125 0.4171875 0.13046875 0.0671875
6 0.38984375 0.40234375 0.08515625 0.06953125
6 0.35 0.4265625 0.13515625 0.06796875
157 0.215625 0.46015625 0.0875 0.05859375
69 0.0296875 0.3984375 0.059375 0.04375
90 0.4203125 0.41953125 0.08671875 0.06484375