99 0.23359375 0.51171875 0.12265625 0.0625
131 0.825 0.5625 0.1015625 0.07421875
90 0.834375 0.4765625 0.08359375 0.0640625
90 0.7484375 0.478125 0.0546875 0.06484375
90 0.79140625 0.49140625 0.053125 0.06171875
146 0.77578125 0.44140625 0.1859375 0.0890625
28 0.9421875 0.290625 0.06484375 0.053125
28 0.890625 0.29921875 0.0515625 0.053125
69 0.946875 0.25703125 0.075 0.05234375
69 0.88828125 0.24765625 0.06953125 0.0546875
90 0.8078125 0.51875 0.046875 0.05625
69 0.83828125 0.25625 0.0609375 0.0484375