157 0.2578125 0.62109375 0.075 0.05390625
90 0.20703125 0.3953125 0.05234375 0.06328125
157 0.2546875 0.59375 0.08046875 0.05078125
131 0.196875 0.603125 0.09140625 0.07109375
145 0.2328125 0.4390625 0.06328125 0.03671875
90 0.278125 0.3109375 0.08828125 0.0640625
45 0.83203125 0.5734375 0.1671875 0.03203125
144 0.790625 0.43828125 0.17734375 0.08046875
122 0.83828125 0.4515625 0.15234375 0.0296875
57 0.7046875 0.28984375 0.07421875 0.07109375
62 0.82890625 0.3515625 0.053125 0.0515625
62 0.8734375 0.3453125 0.05625 0.0546875
61 0.8296875 0.41015625 0.10859375 0.08203125
146 0.7703125 0.48984375 0.1828125 0.0953125