134 0.42109375 0.040625 0.12109375 0.0765625
131 0.1859375 0.46171875 0.12734375 0.08046875
69 0.07265625 0.3640625 0.0609375 0.06171875
69 0.11953125 0.38203125 0.07421875 0.05546875
28 0.12578125 0.41640625 0.06015625 0.0453125
28 0.0671875 0.3984375 0.05625 0.0421875
28 0.0890625 0.440625 0.0578125 0.0421875
57 0.375 0.22109375 0.0796875 0.07578125
6 0.496875 0.35703125 0.08203125 0.0703125
6 0.51015625 0.38671875 0.10390625 0.06328125
6 0.4078125 0.3625 0.1078125 0.07734375
6 0.39453125 0.39765625 0.09765625 0.06875
157 0.234375 0.43359375 0.08984375 0.06015625
69 0.03046875 0.378125 0.0578125 0.05625