94 0.9046875 0.8015625 0.13828125 0.08046875
94 0.109375 0.8015625 0.134375 0.08359375
156 0.1484375 0.58671875 0.14609375 0.0765625
0 0.2 0.396875 0.05859375 0.05703125
0 0.14140625 0.3921875 0.06640625 0.04375
73 0.3546875 0.440625 0.103125 0.05390625
76 0.5390625 0.38125 0.140625 0.08046875
66 0.53984375 0.459375 0.0484375 0.04453125
66 0.540625 0.4859375 0.05078125 0.05625
66 0.41484375 0.48828125 0.04453125 0.05390625
66 0.41796875 0.4609375 0.0546875 0.0453125
45 0.11171875 0.61796875 0.1875 0.03515625