99 0.7734375 0.50625 0.13671875 0.0546875
131 0.175 0.5625 0.10078125 0.07421875
90 0.1625 0.47421875 0.0828125 0.06328125
90 0.25546875 0.47265625 0.0546875 0.0640625
90 0.209375 0.48671875 0.053125 0.0609375
146 0.22265625 0.43984375 0.18515625 0.08828125
28 0.05703125 0.2953125 0.06484375 0.053125
28 0.10859375 0.30390625 0.0515625 0.053125
69 0.053125 0.26171875 0.075 0.0515625
69 0.1109375 0.25234375 0.06875 0.05390625
90 0.1953125 0.5125 0.046875 0.05546875
69 0.1609375 0.2609375 0.06015625 0.0484375