94 0.11796875 0.803125 0.13828125 0.08046875
94 0.9109375 0.80234375 0.134375 0.0828125
156 0.86875 0.5890625 0.14609375 0.0765625
0 0.80703125 0.42109375 0.0625 0.05078125
0 0.859375 0.41796875 0.07421875 0.0484375
73 0.70234375 0.45703125 0.10078125 0.0546875
76 0.4828125 0.38515625 0.13984375 0.08046875
66 0.39453125 0.4640625 0.0484375 0.04453125
66 0.396875 0.4875 0.0546875 0.05078125
66 0.67421875 0.47265625 0.04453125 0.0484375
66 0.66875 0.46875 0.046875 0.0453125
45 0.90234375 0.69375 0.18671875 0.03515625