157 0.74296875 0.6265625 0.07578125 0.0546875
90 0.796875 0.40625 0.0484375 0.06875
157 0.7453125 0.6 0.08125 0.0515625
131 0.8078125 0.609375 0.08671875 0.071875
145 0.76640625 0.446875 0.06328125 0.0390625
90 0.72421875 0.321875 0.08828125 0.0671875
45 0.16484375 0.54921875 0.16796875 0.03203125
144 0.20625 0.43828125 0.17890625 0.08125
122 0.15703125 0.45390625 0.15390625 0.0296875
57 0.2921875 0.2890625 0.07421875 0.07109375
62 0.1671875 0.35078125 0.0515625 0.0515625
62 0.1234375 0.34453125 0.05625 0.0546875
61 0.1640625 0.41015625 0.09140625 0.0796875
146 0.22734375 0.48984375 0.184375 0.09609375