23 0.49921875 0.6625 0.165625 0.0984375
13 0.79296875 0.209375 0.1296875 0.08125
29 0.79296875 0.59453125 0.1578125 0.08046875
29 0.203125 0.59140625 0.16171875 0.0859375
1 0.8328125 0.38203125 0.05390625 0.02890625
1 0.71328125 0.38046875 0.03828125 0.0296875
12 0.7640625 0.35625 0.084375 0.05078125
0 0.8560000000000001 0.49578256718749997 0.8699999999999999 0.49765698281250004 0.9039999999999999 0.470477975 0.908 0.45454545468749996 0.8939999999999999 0.43861293281249997 0.8779999999999999 0.4311152765625 0.826 0.4283036546875 0.8140000000000001 0.43955014062500003 0.776 0.447047796875 0.778 0.46954076875000006 0.8160000000000001 0.493908153125 0.852 0.499531396875 0.8560000000000001 0.49578256718749997
9 0.736 0.4910965328125 0.746 0.499531396875 0.738 0.5117150890625 0.764 0.5154639171875 0.766 0.5004686031250001 0.788 0.4807872546875 0.768 0.45641986875 0.772 0.446110590625 0.724 0.447047796875 0.6940000000000001 0.46298031875 0.692 0.4817244609375 0.702 0.492970946875 0.712 0.49671977500000003 0.736 0.4910965328125
19 0.9480000000000001 0.5773195875 0.958 0.57638238125 0.9800000000000001 0.5576382375 0.974 0.5510777874999999 0.978 0.53701968125 0.96 0.5220243671875 0.93 0.5323336453125 0.906 0.5492033734375 0.884 0.546391753125 0.882 0.55014058125 0.892 0.5548266171875 0.9380000000000001 0.5651358953125001 0.9480000000000001 0.5773195875
11 0.426 0.18181818125 0.5660000000000001 0.18181818125 0.554 0.1761949390625 0.5519999999999999 0.16026241875 0.544 0.15932521093750002 0.53 0.1424554828125 0.5559999999999999 0.136832240625 0.58 0.13870665468750001 0.5780000000000001 0.09465791875 0.54 0.090909090625 0.518 0.07872539843750001 0.522 0.07403936250000001 0.502 0.070290534375 0.42800000000000005 0.09278350468749999 0.42000000000000004 0.09746954062499999 0.422 0.141518275 0.43600000000000005 0.171508903125 0.426 0.18181818125
14 0.596 0.1761949390625 0.606 0.164011246875 0.5940000000000001 0.14058106875 0.534 0.11433926875 0.52 0.11902530468750001 0.52 0.14058106875 0.5559999999999999 0.178069353125 0.5740000000000001 0.1799437671875 0.596 0.1761949390625
28 0.778 0.5173383312500001 0.782 0.5220243671875 0.834 0.5210871609375001 0.86 0.5257731953125 0.914 0.48266166874999994 0.9119999999999999 0.470477975 0.9039999999999999 0.46954076875000006 0.8880000000000001 0.4817244609375 0.8380000000000001 0.49859418906249997 0.828 0.49765698281250004 0.8140000000000001 0.5042174328125 0.818 0.509840675 0.798 0.5173383312500001 0.778 0.5173383312500001