12 0.346320346875 0.40384615312500005 0.33116883124999996 0.4028340078125 0.32467532499999996 0.40991902812500003 0.27922077968750003 0.4251012140625 0.27272727343750003 0.4362348171875 0.303030303125 0.45242915000000006 0.3203463203125 0.45040485781250006 0.3398268390625 0.4402834015625 0.3549783546875 0.4402834015625 0.35930735937499997 0.4514170046875 0.3896103890625 0.4554655875 0.40043290000000004 0.4615384609375 0.4264069265625 0.45951417031249997 0.4264069265625 0.43522267187499997 0.409090909375 0.43421052656250003 0.40043290000000004 0.4251012140625 0.3679653671875 0.42813765156250005 0.346320346875 0.40384615312500005
12 0.35064934999999997 0.38765182187499997 0.30519480468750004 0.39068825937499996 0.303030303125 0.3947368421875 0.3290043296875 0.39878542499999997 0.3549783546875 0.3917004046875 0.35064934999999997 0.38765182187499997
12 0.2770562765625 0.38259109375 0.2619047625 0.38562752968749997 0.26406926406250003 0.39979757031249996 0.2835497828125 0.4028340078125 0.29870129843750004 0.38866396718749996 0.2770562765625 0.38259109375
13 0.26839826875 0.1548583 0.22943722968750002 0.1558704453125 0.2142857140625 0.14979757031250002 0.1601731609375 0.1548583 0.147186146875 0.1842105265625 0.14935065 0.23380566875 0.2272727265625 0.235829959375 0.27922077968750003 0.232793521875 0.28138528125 0.191295546875 0.26839826875 0.1548583
13 0.9090909093749999 0.1548583 0.865800865625 0.1548583 0.852813853125 0.14979757031250002 0.8354978359375 0.1508097171875 0.8268398265625001 0.1578947375 0.8051948046874999 0.153846153125 0.7878787875000001 0.18218623437499998 0.790043290625 0.23380566875 0.9199134203125 0.232793521875 0.9199134203125 0.185222671875 0.9090909093749999 0.1548583
10 0.45238095312500004 0.1336032390625 0.46536796562499994 0.1508097171875 0.45887445937500004 0.1639676109375 0.6082251078125 0.165991903125 0.621212121875 0.1356275296875 0.61904761875 0.070850203125 0.5714285718750001 0.0688259109375 0.5627705625 0.057692307812499996 0.5281385281250001 0.0495951421875 0.5173160171875 0.0627530359375 0.45670995625 0.070850203125 0.44805194843749996 0.0779352234375 0.45238095312500004 0.1336032390625
23 0.45021645 0.6417004046875 0.4458874453125 0.6993927125 0.45670995625 0.73380566875 0.5021645015625 0.7368421046875 0.508658009375 0.7408906875 0.5541125546875 0.741902834375 0.5584415578125 0.7378542515625 0.6103896109375 0.732793521875 0.6233766234375 0.6730769234375 0.6147186140625001 0.6386639671875 0.56926406875 0.6386639671875 0.5346320343750001 0.6336032390625 0.49134199062499995 0.6396761140625 0.45454545468749996 0.6386639671875 0.45021645 0.6417004046875
29 0.7683982687500001 0.61740890625 0.790043290625 0.6336032390625 0.7857142859375 0.6417004046875 0.7922077921875 0.6467611343749999 0.824675325 0.6548583 0.9199134203125 0.6497975703125001 0.9415584421875 0.6275303640625001 0.9415584421875 0.6194331984375 0.9090909093749999 0.570850203125 0.803030303125 0.5688259109375 0.79437229375 0.5779352234374999 0.796536796875 0.5910931171875 0.7683982687500001 0.61740890625
29 0.2705627703125 0.587044534375 0.26839826875 0.56983805625 0.240259740625 0.561740890625 0.20346320312500002 0.570850203125 0.17099567031250001 0.5688259109375 0.1580086578125 0.5718623484375 0.1363636359375 0.612348178125 0.125541125 0.615384615625 0.1298701296875 0.634615384375 0.14935065 0.637651821875 0.153679653125 0.6477732796875 0.177489178125 0.6477732796875 0.183982684375 0.653846153125 0.190476190625 0.648785425 0.20995670937500002 0.648785425 0.2121212125 0.6548583 0.2207792203125 0.6508097171875 0.27922077968750003 0.648785425 0.303030303125 0.6204453437499999 0.2705627703125 0.587044534375
37 0.45454545468749996 0.43421052656250003 0.44155844218749996 0.4433198375 0.44155844218749996 0.45242915000000006 0.4870129875 0.45850202500000004 0.47402597343749997 0.4514170046875 0.48051948125 0.43522267187499997 0.47402597343749997 0.43218623437500003 0.45454545468749996 0.43421052656250003
37 0.4134199140625 0.43319838125 0.435064934375 0.43724696406249997 0.44155844218749996 0.42004048593750004 0.4372294375 0.4170040484375 0.4177489171875 0.41801619375000004 0.4112554109375 0.42105263125 0.4134199140625 0.43319838125