13 0.266 0.205248359375 0.254 0.171508903125 0.21200000000000002 0.1668228671875 0.202 0.171508903125 0.16 0.1696344890625 0.152 0.1733833171875 0.13999999999999999 0.2024367390625 0.142 0.24367385156250002 0.26 0.245548265625 0.266 0.205248359375
13 0.8539999999999999 0.244611059375 0.8560000000000001 0.1996251171875 0.8460000000000001 0.171508903125 0.78 0.1668228671875 0.744 0.174320525 0.732 0.200562325 0.734 0.24367385156250002 0.772 0.2464854734375 0.8539999999999999 0.244611059375
10 0.426 0.18181818125 0.5559999999999999 0.184629803125 0.5700000000000001 0.18181818125 0.5820000000000001 0.144329896875 0.5780000000000001 0.0937207125 0.532 0.0918462984375 0.518 0.076850984375 0.49400000000000005 0.0749765703125 0.484 0.076850984375 0.48200000000000004 0.084348640625 0.45999999999999996 0.0918462984375 0.42800000000000005 0.0937207125 0.42000000000000004 0.0984067484375 0.422 0.1424554828125 0.43600000000000005 0.171508903125 0.426 0.18181818125
12 0.246 0.41424554843749994 0.254 0.412371134375 0.254 0.40206185625 0.23399999999999999 0.36457357031250004 0.21200000000000002 0.3636363640625 0.20800000000000002 0.38144329843749997 0.19 0.3805060921875 0.16999999999999998 0.392689784375 0.19 0.4283036546875 0.236 0.4283036546875 0.246 0.4226804125 0.246 0.41424554843749994
1 0.184 0.47328959687500005 0.178 0.46204311093749995 0.172 0.459231490625 0.15 0.46204311093749995 0.144 0.47703842500000004 0.156 0.48359887500000004 0.16799999999999998 0.48359887500000004 0.184 0.47328959687500005
1 0.442 0.452671040625 0.40199999999999997 0.452671040625 0.396 0.45641986875 0.396 0.4789128390625 0.41600000000000004 0.48359887500000004 0.442 0.452671040625
1 0.458 0.44985941875 0.462 0.43861293281249997 0.454 0.4339268984375 0.43200000000000005 0.43673851875 0.43200000000000005 0.447047796875 0.42400000000000004 0.452671040625 0.442 0.460168696875 0.458 0.44985941875
9 0.41 0.49578256718749997 0.43200000000000005 0.459231490625 0.43200000000000005 0.4348641046875 0.44000000000000006 0.4311152765625 0.422 0.4245548265625 0.376 0.4273664484375 0.354 0.4339268984375 0.312 0.46298031875 0.314 0.4779756328125 0.33399999999999996 0.4920337390625 0.362 0.49765698281250004 0.41 0.49578256718749997
23 0.5700000000000001 0.7066541703125 0.58 0.655107778125 0.572 0.620431115625 0.522 0.621368321875 0.512 0.6157450796874999 0.426 0.6194939078125 0.42000000000000004 0.6447985 0.418 0.6710403 0.43 0.7057169640625001 0.476 0.7122774140625 0.5700000000000001 0.7066541703125
26 0.314 0.5970009375 0.32 0.5951265234374999 0.318 0.5716963453125 0.31 0.56326148125 0.282 0.5623242734375 0.27799999999999997 0.5660731015625 0.268 0.5773195875 0.268 0.59793814375 0.29 0.600749765625 0.314 0.5970009375
18 0.508 0.5220243671875 0.534 0.526710403125 0.576 0.5257731953125 0.5820000000000001 0.5192127453125 0.58 0.49015932500000003 0.5700000000000001 0.4854732890625 0.492 0.47235239062499995 0.472 0.4845360828125 0.472 0.5192127453125 0.48 0.522961575 0.49400000000000005 0.5257731953125 0.508 0.5220243671875
21 0.176 0.5426429234375 0.194 0.5351452671875 0.21200000000000002 0.5351452671875 0.22400000000000003 0.5398313031249999 0.24 0.53701968125 0.252 0.540768509375 0.264 0.5398313031249999 0.266 0.536082475 0.264 0.527647609375 0.202 0.5032802249999999 0.13999999999999999 0.5248359890625001 0.13799999999999998 0.5435801312499999 0.162 0.5388940953125 0.174 0.5388940953125 0.176 0.5426429234375
29 0.774 0.647610121875 0.79 0.63823805 0.82 0.6429240859375 0.8400000000000001 0.6363636359375 0.8619999999999999 0.63823805 0.8779999999999999 0.6054358015625 0.8619999999999999 0.594189315625 0.868 0.581068415625 0.8619999999999999 0.581068415625 0.844 0.5548266171875 0.8039999999999999 0.5548266171875 0.792 0.546391753125 0.75 0.5548266171875 0.742 0.5595126515625 0.742 0.5688847234375001 0.714 0.5838800375 0.712 0.6194939078125 0.726 0.640112465625 0.748 0.6373008437500001 0.774 0.647610121875
29 0.132 0.5951265234374999 0.122 0.59793814375 0.126 0.613870665625 0.13999999999999999 0.613870665625 0.148 0.626991565625 0.172 0.6288659796875 0.176 0.634489221875 0.20400000000000001 0.634489221875 0.21600000000000003 0.6288659796875 0.264 0.6288659796875 0.266 0.6166822875 0.286 0.6054358015625 0.266 0.5918462984375 0.246 0.56326148125 0.248 0.55670103125 0.24 0.5557638234375 0.20600000000000002 0.57638238125 0.184 0.5707591375 0.16799999999999998 0.553889409375 0.154 0.5548266171875 0.148 0.5595126515625 0.148 0.574507965625 0.136 0.5895032796875 0.128 0.5904404875 0.132 0.5951265234374999