23 0.49921875 0.6625 0.165625 0.0984375
29 0.7953125 0.59140625 0.16171875 0.084375
13 0.79375 0.20703125 0.128125 0.0828125
29 0.203125 0.59140625 0.16171875 0.0859375
32 0.82421875 0.48046875 0.12421875 0.06015625
8 0.90390625 0.34375 0.06796875 0.046875
9 0.746875 0.3734375 0.16171875 0.06875
25 0.744 0.53701968125 0.764 0.536082475 0.784 0.5248359890625001 0.782 0.510309278125 0.792 0.49859418906249997 0.8 0.49765698281250004 0.796 0.493908153125 0.782 0.48734770312500003 0.74 0.48734770312500003 0.726 0.5014058109375 0.712 0.493908153125 0.704 0.4948453609375 0.702 0.5089034671875 0.716 0.5192127453125 0.72 0.5304592312499999 0.744 0.53701968125
28 0.922 0.4789128390625 0.9359999999999999 0.466729146875 0.992 0.44985941875 0.994 0.43861293281249997 0.9800000000000001 0.4208059984375 0.8880000000000001 0.40862230625 0.8800000000000001 0.42924086250000004 0.8619999999999999 0.44236176250000003 0.8619999999999999 0.45079662656249997 0.882 0.45454545468749996 0.9099999999999999 0.47610121875000005 0.922 0.4789128390625
6 0.8320000000000001 0.39550140625 0.8460000000000001 0.399250234375 0.8720000000000001 0.37582005625 0.8720000000000001 0.358950328125 0.8380000000000001 0.34301780625 0.8400000000000001 0.3270852859375 0.826 0.3298969078125 0.808 0.32802249375 0.798 0.33833177187499996 0.834 0.3673851921875 0.8380000000000001 0.38706654218750003 0.8320000000000001 0.39550140625
11 0.426 0.18181818125 0.532 0.18181818125 0.546 0.1790065609375 0.568 0.18181818125 0.5820000000000001 0.14058106875 0.576 0.0937207125 0.546 0.090909090625 0.522 0.07872539843750001 0.522 0.070290534375 0.5 0.06654170625 0.488 0.06654170625 0.48200000000000004 0.07403936250000001 0.44400000000000006 0.0918462984375 0.42800000000000005 0.09278350468749999 0.418 0.0984067484375 0.42000000000000004 0.1396438609375 0.43 0.16026241875 0.426 0.18181818125