1 0.8291139234375 0.45553359687499995 0.8291139234375 0.4743083 0.8459915609375 0.4782608703125 0.8586497890624999 0.4743083 0.8586497890624999 0.46640316249999997 0.873417721875 0.46739130468749995 0.8797468359374999 0.46146244999999997 0.8670886078125 0.43675889375 0.8417721515625001 0.4377470359375 0.839662446875 0.4505928859375 0.8291139234375 0.45553359687499995
1 0.7194092828125 0.4328063234375 0.71308016875 0.4456521734375 0.691983121875 0.44960474375 0.6877637125 0.459486165625 0.7510548515625 0.45652173906250004 0.7721518984375 0.46146244999999997 0.7700421937499999 0.44960474375 0.7552742609374999 0.4456521734375 0.742616034375 0.4328063234375 0.7194092828125 0.4328063234375
9 0.7679324890625 0.37351778593749996 0.7320675109375 0.3863636359375 0.7236286921875 0.40019762812500004 0.725738396875 0.416996046875 0.7405063296875001 0.42687747031249995 0.774261603125 0.43527667968749995 0.7784810125 0.4476284578125 0.8016877640625 0.4476284578125 0.8164556968750001 0.433794465625 0.86075949375 0.4328063234375 0.87763713125 0.4416996046875 0.8924050640625 0.43675889375 0.905063290625 0.4209486171875 0.9008438812499999 0.40019762812500004 0.873417721875 0.379446640625 0.8206751062500001 0.3636363640625 0.7679324890625 0.37351778593749996
12 0.7489451484375 0.345849803125 0.7447257390625001 0.3507905140625 0.7594936703124999 0.3527667984375 0.7700421937499999 0.3715415015625 0.7890295359375 0.3715415015625 0.8143459921874999 0.357707509375 0.822784809375 0.35968379375000004 0.8333333328125001 0.355731225 0.8333333328125001 0.342885375 0.8101265828124999 0.34090909062499997 0.7953586500000001 0.344861659375 0.7489451484375 0.345849803125
13 0.8059071734375 0.16897233125 0.78691983125 0.16897233125 0.7510548515625 0.17391304375 0.7405063296875001 0.20256917031250002 0.7405063296875001 0.25 0.8670886078125 0.2509881421875 0.8691983125 0.2035573125 0.856540084375 0.17391304375 0.8122362875 0.17391304375 0.8059071734375 0.16897233125
13 0.17932489375 0.16897233125 0.1244725734375 0.17391304375 0.11392405000000001 0.2045454546875 0.11603375468749999 0.2509881421875 0.13924050625 0.25494071093750004 0.183544303125 0.25494071093750004 0.2447257390625 0.2509881421875 0.24683544375 0.20158102812499998 0.22784810156250002 0.1729249015625 0.2109704640625 0.17490118593749998 0.17932489375 0.16897233125
10 0.49156118125 0.0711462453125 0.46835442968749996 0.07509881406249999 0.46624472499999997 0.0859683796875 0.4578059078125 0.08893280625 0.4092827 0.0918972328125 0.40717299531249995 0.1561264828125 0.4198312234375 0.184782609375 0.56540084375 0.1828063234375 0.5590717296875 0.17490118593749998 0.5738396625 0.1413043484375 0.5738396625 0.09683794531249999 0.5675105484375 0.090909090625 0.544303796875 0.08992094843750001 0.504219409375 0.0711462453125 0.49156118125 0.0711462453125
27 0.87763713125 0.603754940625 0.8713080171875 0.620553359375 0.8818565406250001 0.6235177859375 0.890295359375 0.6383399203125 0.9092827 0.64031620625 0.921940928125 0.629446640625 0.9367088609374999 0.62747035625 0.9240506328125001 0.60177865625 0.9113924046875 0.592885375 0.8987341765625001 0.5918972328125001 0.87763713125 0.603754940625
29 0.1751054859375 0.58102766875 0.1286919828125 0.5780632406249999 0.11392405000000001 0.6077075093750001 0.11392405000000001 0.655138340625 0.177215190625 0.6620553359375 0.18565400781250002 0.657114625 0.20886075937499998 0.6620553359375 0.217299578125 0.657114625 0.234177215625 0.657114625 0.24261603437499998 0.6492094859375 0.2236286921875 0.637351778125 0.2236286921875 0.6319169953125 0.24894514843749999 0.6215415015625 0.2447257390625 0.6067193671875 0.23206751093750003 0.580039525 0.18565400781250002 0.5711462453125 0.1751054859375 0.58102766875
27 0.1046875 0.63046875 0.075 0.02265625
29 0.8059071734375 0.5691699609375 0.7510548515625 0.5790513828125 0.725738396875 0.6254940718750001 0.717299578125 0.629446640625 0.7194092828125 0.6363636359375 0.738396625 0.644268775 0.7405063296875001 0.6561264828125 0.7721518984375 0.657114625 0.8059071734375 0.6640316203125 0.8143459921874999 0.657114625 0.8354430374999999 0.663043478125 0.8417721515625001 0.657114625 0.8628691984374999 0.657114625 0.8713080171875 0.650197628125 0.8797468359374999 0.650197628125 0.8860759500000001 0.6413043484375 0.86075949375 0.5839920953125 0.8544303796875001 0.5780632406249999 0.822784809375 0.57608695625 0.8059071734375 0.5691699609375
24 0.46413502187500005 0.646245059375 0.413502109375 0.646245059375 0.40717299531249995 0.683794465625 0.41772151874999996 0.7381422921875 0.47468354375 0.74604743125 0.5274261609375 0.7450592890625 0.5675105484375 0.7361660078125001 0.578059071875 0.7045454546875 0.5759493671875 0.6531620546875 0.569620253125 0.646245059375 0.5063291140625 0.6393280625 0.46413502187500005 0.646245059375