23 0.49921875 0.6625 0.165625 0.0984375
29 0.796875 0.5921875 0.16171875 0.0875
13 0.7953125 0.20859375 0.12578125 0.0796875
29 0.203125 0.5921875 0.16171875 0.0875
1 0.67890625 0.2421875 0.05390625 0.03125
12 0.709375 0.15859375 0.065625 0.059375
1 0.4078125 0.26953125 0.05234375 0.028125
28 0.9400000000000001 0.560449859375 0.892 0.546391753125 0.876 0.5351452671875 0.8859999999999999 0.546391753125 0.85 0.55670103125 0.86 0.5923149015625 0.8800000000000001 0.594189315625 0.8960000000000001 0.6035613875 0.9400000000000001 0.560449859375
0 0.93 0.352389878125 0.9880000000000001 0.3102155578125 0.982 0.2961574515625 0.952 0.2839737578125 0.9279999999999999 0.2802249296875 0.8699999999999999 0.2802249296875 0.8220000000000001 0.2961574515625 0.8160000000000001 0.3111527640625 0.8859999999999999 0.35613870625 0.914 0.3570759140625 0.93 0.352389878125
9 0.6940000000000001 0.312089971875 0.6799999999999999 0.3139643859375 0.67 0.32146204375 0.67 0.344892221875 0.6940000000000001 0.358950328125 0.706 0.3505154640625 0.6940000000000001 0.312089971875
9 0.718 0.3580131203125 0.714 0.3673851921875 0.74 0.3701968140625 0.74 0.359887534375 0.718 0.3580131203125
9 0.8380000000000001 0.3533270859375 0.836 0.332708528125 0.8160000000000001 0.31677600781250004 0.8039999999999999 0.32802249375 0.8099999999999999 0.34301780625 0.8039999999999999 0.358950328125 0.818 0.36925960625 0.8380000000000001 0.3533270859375
11 0.5660000000000001 0.18181818125 0.5820000000000001 0.141518275 0.5780000000000001 0.09465791875 0.55 0.0918462984375 0.522 0.07872539843750001 0.512 0.0674789125 0.48600000000000004 0.0674789125 0.442 0.0918462984375 0.43 0.09278350468749999 0.42400000000000004 0.10121836875000001 0.422 0.1424554828125 0.43600000000000005 0.1630740390625 0.42800000000000005 0.180880975 0.5660000000000001 0.18181818125