1 0.702 0.44985941875 0.71 0.44517338281249996 0.6980000000000001 0.4226804125 0.674 0.4208059984375 0.6599999999999999 0.44236176250000003 0.67 0.452671040625 0.696 0.44236176250000003 0.702 0.44985941875
1 0.308 0.413308340625 0.296 0.3973758203125 0.268 0.3964386125 0.26 0.4208059984375 0.266 0.4245548265625 0.304 0.42174320468750004 0.308 0.413308340625
1 0.376 0.2961574515625 0.356 0.291471415625 0.348 0.2942830359375 0.322 0.292408621875 0.302 0.298969071875 0.302 0.3064667296875 0.324 0.298031865625 0.378 0.3027179 0.376 0.2961574515625
1 0.268 0.27553889374999996 0.268 0.27179006562499997 0.22400000000000003 0.2549203375 0.21200000000000002 0.2567947515625 0.20800000000000002 0.2661668234375 0.188 0.26897844375 0.184 0.27553889374999996 0.22400000000000003 0.28209934375 0.24 0.2764761015625 0.268 0.27553889374999996
12 0.244 0.25585754375 0.254 0.25866916562500003 0.268 0.2605435796875 0.292 0.2549203375 0.296 0.251171509375 0.27599999999999997 0.22118088125000002 0.252 0.2202436734375 0.21200000000000002 0.2333645734375 0.20800000000000002 0.2427366453125 0.22599999999999998 0.24835988750000002 0.244 0.24835988750000002 0.244 0.25585754375
13 0.806 0.2549203375 0.8220000000000001 0.2549203375 0.8560000000000001 0.244611059375 0.858 0.2024367390625 0.8480000000000001 0.171508903125 0.806 0.171508903125 0.796 0.167760075 0.748 0.171508903125 0.73 0.2099343953125 0.726 0.244611059375 0.748 0.25210871562500003 0.774 0.2464854734375 0.806 0.2549203375
13 0.22000000000000003 0.238987815625 0.23399999999999999 0.238987815625 0.244 0.2333645734375 0.248 0.21555763749999998 0.264 0.2033739453125 0.254 0.171508903125 0.21600000000000003 0.16588566093749998 0.188 0.167760075 0.178 0.1733833171875 0.154 0.171508903125 0.142 0.198687909375 0.142 0.24367385156250002 0.194 0.245548265625 0.21600000000000003 0.25210871562500003 0.22000000000000003 0.238987815625
10 0.43 0.1799437671875 0.568 0.18181818125 0.5820000000000001 0.1424554828125 0.576 0.09278350468749999 0.536 0.0918462984375 0.52 0.08809747031250001 0.508 0.07591377656250001 0.47800000000000004 0.0796626046875 0.47400000000000003 0.0890346765625 0.462 0.09278350468749999 0.43 0.09278350468749999 0.42000000000000004 0.0984067484375 0.42400000000000004 0.150890346875 0.43600000000000005 0.167760075 0.43 0.1799437671875
9 0.18 0.45173383281249996 0.2 0.44329896875 0.236 0.44517338281249996 0.262 0.43205248437500005 0.256 0.4170571703125 0.264 0.40393627031249996 0.244 0.38612933437499997 0.21600000000000003 0.37956888437499997 0.184 0.38238050625 0.178 0.3748828484375 0.16 0.3833177125 0.13 0.38612933437499997 0.10400000000000001 0.40018744218749996 0.10200000000000001 0.41799437656249994 0.11200000000000002 0.43017806875 0.154 0.44985941875 0.18 0.45173383281249996
26 0.072 0.5707591375 0.057999999999999996 0.55014058125 0.05 0.5473289593749999 0.038 0.5492033734375 0.02 0.5595126515625 0.018 0.5820056234375001 0.05 0.5754451734375 0.06999999999999999 0.5829428296875 0.072 0.5707591375
21 0.288 0.6091846296875 0.306 0.6091846296875 0.33399999999999996 0.6026241796875 0.354 0.6054358015625 0.358 0.5998125578125 0.358 0.5913776937499999 0.348 0.5857544515625001 0.292 0.5660731015625 0.24 0.5885660734375 0.23399999999999999 0.5923149015625 0.238 0.5988753515624999 0.284 0.6016869734375 0.288 0.6091846296875
29 0.16399999999999998 0.6298031859375001 0.174 0.6363636359375 0.182 0.6326148078125 0.202 0.6354264296875 0.264 0.6298031859375001 0.274 0.6129334578125001 0.282 0.6129334578125001 0.286 0.607310215625 0.282 0.600749765625 0.254 0.59793814375 0.252 0.552952203125 0.22799999999999998 0.5454545453125 0.182 0.5548266171875 0.152 0.55670103125 0.122 0.59793814375 0.132 0.6232427359375 0.146 0.6298031859375001 0.16399999999999998 0.6298031859375001
29 0.736 0.620431115625 0.744 0.6298031859375001 0.764 0.63074039375 0.768 0.634489221875 0.778 0.63074039375 0.792 0.6316776 0.796 0.6354264296875 0.858 0.627928771875 0.86 0.61761949375 0.876 0.6082474234374999 0.844 0.55670103125 0.748 0.5557638234375 0.736 0.581068415625 0.734 0.5951265234374999 0.754 0.6026241796875 0.752 0.6119962515624999 0.736 0.620431115625
23 0.5700000000000001 0.7066541703125 0.58 0.6532333640625 0.5740000000000001 0.6194939078125 0.514 0.6166822875 0.502 0.6129334578125001 0.472 0.6223055296875 0.45199999999999996 0.6185567015625 0.426 0.6194939078125 0.42000000000000004 0.6260543578125 0.418 0.6757263359375 0.42800000000000005 0.707591378125 0.48600000000000004 0.7132146203125 0.5700000000000001 0.7066541703125