23 0.4921875 0.7015625 0.17734375 0.1046875
29 0.8078125 0.625 0.175 0.0921875
29 0.17734375 0.6265625 0.175 0.0953125
13 0.80859375 0.20625 0.13046875 0.06171875
0 0.834375 0.53515625 0.1390625 0.08828125
28 0.8375 0.35078125 0.14140625 0.0609375
5 0.80859375 0.23984375 0.10859375 0.059375
35 0.7628205125 0.312 0.846153846875 0.305 0.8760683765625 0.29300000000000004 0.8696581203125 0.29 0.846153846875 0.292 0.824786325 0.3 0.7820512828124999 0.292 0.777777778125 0.27999999999999997 0.790598290625 0.265 0.764957265625 0.262 0.7393162390625 0.271 0.7329059828125 0.29900000000000004 0.7628205125 0.312
15 0.7179487171875001 0.236 0.702991453125 0.24 0.6688034187499999 0.24 0.6944444437499999 0.266 0.709401709375 0.268 0.7435897437500001 0.263 0.7457264953125 0.24700000000000003 0.735042734375 0.238 0.7179487171875001 0.236
11 0.4102564109375 0.148 0.427350428125 0.16999999999999998 0.4209401703125 0.188 0.5662393156250001 0.189 0.5811965812500001 0.148 0.5769230765625 0.096 0.540598290625 0.09 0.514957265625 0.079 0.5085470078125 0.06899999999999999 0.47863247812500004 0.06899999999999999 0.43162393125 0.093 0.4166666671875 0.096 0.4123931625 0.10200000000000001 0.4102564109375 0.148
17 0.46794871718750003 0.359 0.5576923078125 0.309 0.5769230765625 0.294 0.5705128203125 0.282 0.553418803125 0.274 0.534188034375 0.273 0.4893162390625 0.29100000000000004 0.47863247812500004 0.3 0.44230769218750005 0.312 0.44230769218750005 0.35 0.4572649578125 0.359 0.46794871718750003 0.359