13 0.7415966390625 0.23129921250000002 0.7626050421875 0.239173228125 0.7794117640625 0.236220471875 0.8340336140625 0.2381889765625 0.83823529375 0.2431102359375 0.8781512609375 0.23129921250000002 0.8781512609375 0.186023621875 0.8676470593750001 0.1555118109375 0.8151260499999999 0.1535433078125 0.8025210078124999 0.148622046875 0.7836134453125 0.154527559375 0.7647058828125 0.154527559375 0.7436974796875 0.1938976375 0.7415966390625 0.23129921250000002
13 0.136554621875 0.1712598421875 0.1239495796875 0.1870078734375 0.1218487390625 0.22834645625 0.1281512609375 0.2332677171875 0.15126050468750002 0.236220471875 0.21638655468749998 0.23425196874999998 0.22899159687499998 0.239173228125 0.25420168125 0.2322834640625 0.2563025203125 0.1879921265625 0.2415966390625 0.154527559375 0.1974789921875 0.1525590546875 0.18067226875 0.1584645671875 0.1701680671875 0.1535433078125 0.1449579828125 0.1535433078125 0.13445378125000002 0.15944881875 0.136554621875 0.1712598421875
10 0.4201680671875 0.12303149531249999 0.43487394999999995 0.151574803125 0.43067226875 0.16535433125000001 0.5735294125 0.1663385828125 0.58823529375 0.12106299218750001 0.5840336140625 0.073818896875 0.5483193281250001 0.07185039374999999 0.527310925 0.06003937031249999 0.49579831875 0.0541338578125 0.478991596875 0.06988188906250001 0.42436974843749997 0.07480315 0.41806722656249995 0.0787401578125 0.4201680671875 0.12303149531249999
1 0.13445378125000002 0.39074803125 0.1386554625 0.38188976406249997 0.15546218437499998 0.38188976406249997 0.17226890781249998 0.387795275 0.1743697484375 0.37795275625 0.16176470625 0.3602362203125 0.13445378125000002 0.362204725 0.13445378125000002 0.3710629921875 0.1218487390625 0.379921259375 0.1260504203125 0.388779528125 0.13445378125000002 0.39074803125
1 0.3697478984375 0.43307086562499997 0.3718487390625 0.4478346453125 0.363445378125 0.457677165625 0.382352940625 0.46555118125000006 0.38445378125 0.45669291406249996 0.41596638593749996 0.4458661421875 0.3949579828125 0.43208661406250004 0.3697478984375 0.43307086562499997
1 0.4474789921875 0.45866141718750003 0.4663865546875 0.4301181109375 0.43907562968749997 0.4301181109375 0.43277310937499996 0.45177165312499995 0.4474789921875 0.45866141718750003
12 0.2142857140625 0.36417322812499997 0.2436974796875 0.3730314953125 0.2626050421875 0.3661417328125 0.271008403125 0.35531496093750004 0.24579831875 0.32185039375 0.19957983125 0.326771653125 0.18067226875 0.3366141734375 0.178571428125 0.345472440625 0.19957983125 0.362204725 0.20378151249999998 0.375 0.2142857140625 0.36417322812499997
9 0.2626050421875 0.4724409453125 0.277310925 0.4773622046875 0.294117646875 0.4773622046875 0.3067226890625 0.4694881890625 0.40126050468749996 0.44094488125 0.405462184375 0.4242125984375 0.36554621875 0.395669290625 0.3319327734375 0.3937007875 0.27310924375 0.398622046875 0.2415966390625 0.41633858281249997 0.22689075625 0.43208661406250004 0.224789915625 0.43996062968749994 0.2626050421875 0.4724409453125
18 0.4705882359375 0.5275590546875 0.48109243749999997 0.5305118109375 0.5147058828125 0.526574803125 0.5777310921875001 0.529527559375 0.586134453125 0.5246062984375001 0.5840336140625 0.489173228125 0.5084033609375 0.47145669218749997 0.4936974796875 0.47047244062500004 0.48109243749999997 0.47539370156249994 0.4684873953125 0.4901574796875 0.478991596875 0.5068897640625 0.4705882359375 0.5275590546875
26 0.24579831875 0.548228346875 0.25 0.576771653125 0.2626050421875 0.587598425 0.2794117640625 0.587598425 0.294117646875 0.582677165625 0.2878151265625 0.5600393703125001 0.26890756250000003 0.548228346875 0.24579831875 0.548228346875
29 0.20378151249999998 0.5561023625 0.201680671875 0.55905511875 0.136554621875 0.5600393703125001 0.13445378125000002 0.5728346453125 0.10504201718749999 0.6023622046875 0.10924369687499999 0.6240157484375 0.1197478984375 0.6348425203125 0.15546218437499998 0.637795275 0.15966386562499998 0.6437007875 0.17226890781249998 0.6397637796875 0.1911764703125 0.6427165359375 0.20588235312499997 0.6368110234375 0.25420168125 0.6368110234375 0.2584033609375 0.6230314953125 0.277310925 0.6102362203125 0.2436974796875 0.5629921265625 0.20378151249999998 0.5561023625
29 0.8277310921875 0.5600393703125001 0.8109243703125 0.558070865625 0.8046218484375001 0.55314960625 0.80042016875 0.5570866140625 0.7626050421875 0.55905511875 0.7563025203125 0.5787401578125 0.728991596875 0.598425196875 0.7310924375 0.620078740625 0.752100840625 0.6348425203125 0.7836134453125 0.6427165359375 0.794117646875 0.637795275 0.817226890625 0.6417322828125 0.8361344531249999 0.6368110234375 0.8529411765624999 0.6397637796875 0.8760504203125 0.6368110234375 0.8886554625 0.6161417328125001 0.8970588234375001 0.6151574796875 0.8676470593750001 0.5725068890625 0.8676470593750001 0.5620078734375 0.859243696875 0.558070865625 0.8277310921875 0.5600393703125001
37 0.7836134453125 0.332677165625 0.775210084375 0.345472440625 0.7857142859375 0.3562992125 0.8193277312499999 0.3444881890625 0.8256302515625 0.332677165625 0.8088235296875 0.33464566875 0.80042016875 0.32775590625 0.7836134453125 0.332677165625
23 0.478991596875 0.7224409453125 0.5756302515625 0.7165354328125 0.586134453125 0.6633858265625 0.5798319328125 0.6259842515625 0.5168067234375 0.6230314953125 0.42436974843749997 0.6259842515625 0.41806722656249995 0.645669290625 0.41596638593749996 0.6820866140625 0.428571428125 0.717519684375 0.46428571406249997 0.717519684375 0.478991596875 0.7224409453125