1 0.15611814375 0.4743083 0.168776371875 0.4782608703125 0.18565400781250002 0.4743083 0.18565400781250002 0.45553359687499995 0.1751054859375 0.4505928859375 0.17299578124999998 0.4377470359375 0.147679325 0.43675889375 0.135021096875 0.46146244999999997 0.1413502109375 0.46739130468749995 0.15611814375 0.46640316249999997 0.15611814375 0.4743083
1 0.30168776406250003 0.4456521734375 0.29535865 0.4328063234375 0.2721518984375 0.4328063234375 0.25949367031250004 0.4456521734375 0.2447257390625 0.44960474375 0.24261603437499998 0.46146244999999997 0.2637130796875 0.45652173906250004 0.32700421875 0.459486165625 0.322784809375 0.44960474375 0.30168776406250003 0.4456521734375
9 0.1940928265625 0.3636363640625 0.1413502109375 0.379446640625 0.11392405000000001 0.40019762812500004 0.109704640625 0.4209486171875 0.12236286874999999 0.43675889375 0.1371308015625 0.4416996046875 0.1540084390625 0.4328063234375 0.1983122359375 0.433794465625 0.21308016875 0.4476284578125 0.23628692031249998 0.4476284578125 0.2405063296875 0.43527667968749995 0.274261603125 0.42687747031249995 0.2890295359375 0.416996046875 0.291139240625 0.40019762812500004 0.282700421875 0.3863636359375 0.24683544375 0.37351778593749996 0.1940928265625 0.3636363640625
12 0.200421940625 0.357707509375 0.22573839687500002 0.3715415015625 0.2447257390625 0.3715415015625 0.2552742609375 0.3527667984375 0.27004219375 0.3507905140625 0.265822784375 0.345849803125 0.2194092828125 0.344861659375 0.20464135 0.34090909062499997 0.1814345984375 0.342885375 0.1814345984375 0.355731225 0.191983121875 0.35968379375000004 0.200421940625 0.357707509375
13 0.22784810156250002 0.16897233125 0.20886075937499998 0.16897233125 0.20253164531249998 0.17391304375 0.15822784843749998 0.17391304375 0.1455696203125 0.2035573125 0.147679325 0.2509881421875 0.274261603125 0.25 0.274261603125 0.20256917031250002 0.2637130796875 0.17391304375 0.22784810156250002 0.16897233125
13 0.8987341765625001 0.2509881421875 0.9008438812499999 0.2045454546875 0.890295359375 0.17391304375 0.8354430374999999 0.16897233125 0.80379746875 0.17490118593749998 0.78691983125 0.1729249015625 0.7679324890625 0.20158102812499998 0.7700421937499999 0.2509881421875 0.831223628125 0.25494071093750004 0.8755274265624999 0.25494071093750004 0.8987341765625001 0.2509881421875
10 0.447257384375 0.090909090625 0.44092827031250004 0.09683794531249999 0.44092827031250004 0.1413043484375 0.45569620312500003 0.17490118593749998 0.4493670890625 0.1828063234375 0.594936709375 0.184782609375 0.6075949359374999 0.1561264828125 0.6054852328125 0.0918972328125 0.556962025 0.08893280625 0.54852320625 0.0859683796875 0.5464135015625 0.07509881406249999 0.5232067515625001 0.0711462453125 0.5105485234375 0.0711462453125 0.47046413437499995 0.08992094843750001 0.447257384375 0.090909090625
27 0.1244725734375 0.6383399203125 0.1329113921875 0.6235177859375 0.143459915625 0.620553359375 0.1371308015625 0.603754940625 0.11603375468749999 0.5918972328125001 0.10337552812499999 0.592885375 0.0907173 0.60177865625 0.078059071875 0.62747035625 0.0928270046875 0.629446640625 0.1054852328125 0.64031620625 0.1244725734375 0.6383399203125
29 0.8291139234375 0.5711462453125 0.782700421875 0.580039525 0.7700421937499999 0.6067193671875 0.765822784375 0.6215415015625 0.791139240625 0.6319169953125 0.791139240625 0.637351778125 0.7721518984375 0.6492094859375 0.7805907171875 0.657114625 0.7974683546875 0.657114625 0.8059071734375 0.6620553359375 0.8291139234375 0.657114625 0.8375527421875001 0.6620553359375 0.9008438812499999 0.655138340625 0.9008438812499999 0.6077075093750001 0.8860759500000001 0.5780632406249999 0.839662446875 0.58102766875 0.8291139234375 0.5711462453125
27 0.91015625 0.63046875 0.075 0.02265625
29 0.2890295359375 0.6254940718750001 0.2637130796875 0.5790513828125 0.20886075937499998 0.5691699609375 0.191983121875 0.57608695625 0.160337553125 0.5780632406249999 0.1540084390625 0.5839920953125 0.1286919828125 0.6413043484375 0.135021096875 0.650197628125 0.143459915625 0.650197628125 0.151898734375 0.657114625 0.17299578124999998 0.657114625 0.17932489375 0.663043478125 0.200421940625 0.657114625 0.20886075937499998 0.6640316203125 0.24261603437499998 0.657114625 0.274261603125 0.6561264828125 0.27637130781249997 0.644268775 0.29535865 0.6363636359375 0.2974683546875 0.629446640625 0.2890295359375 0.6254940718750001
24 0.487341771875 0.7450592890625 0.5400843875 0.74604743125 0.5970464140625 0.7381422921875 0.6075949359374999 0.683794465625 0.6012658234375 0.646245059375 0.5506329109375 0.646245059375 0.50843881875 0.6393280625 0.4451476796875 0.646245059375 0.438818565625 0.6531620546875 0.4367088609375 0.7045454546875 0.447257384375 0.7361660078125001 0.487341771875 0.7450592890625