1 0.6787234046874999 0.33001988125000004 0.6808510640625001 0.3359840953125 0.7170212765625 0.341948309375 0.7446808515625001 0.33697813125 0.7510638296875001 0.3310139171875 0.738297871875 0.3310139171875 0.727659575 0.3250497015625 0.727659575 0.3180914515625 0.70425531875 0.3180914515625 0.6914893609375 0.3290258453125 0.6787234046874999 0.33001988125000004
1 0.8382978718749999 0.37176938437499996 0.8468085109375 0.3707753484375 0.861702128125 0.37673956249999996 0.872340425 0.3707753484375 0.8638297875 0.349900596875 0.8382978718749999 0.3469184890625 0.8297872343750001 0.3628230609375 0.8382978718749999 0.37176938437499996
1 0.827659575 0.3449304171875 0.834042553125 0.349900596875 0.8638297875 0.34791252500000003 0.86808510625 0.35685884687499997 0.8808510640625 0.3449304171875 0.9085106390625001 0.349900596875 0.9085106390625001 0.3429423453125 0.8957446812500001 0.33697813125 0.8425531921875 0.33499005937500004 0.827659575 0.3449304171875
1 0.8574468078124999 0.32206759375 0.8531914890625 0.3339960234375 0.8382978718749999 0.3339960234375 0.8234042546874999 0.345924453125 0.9085106390625001 0.349900596875 0.90425531875 0.3399602390625 0.8787234046875 0.3290258453125 0.8787234046875 0.3230616296875 0.8574468078124999 0.32206759375
12 0.7446808515625001 0.28230616249999996 0.7489361703124999 0.288270378125 0.8085106390625001 0.29025845 0.8234042546874999 0.33001988125000004 0.8446808515625 0.3190854875 0.8425531921875 0.30815109375 0.827659575 0.2962226640625 0.8382978718749999 0.28031809218750003 0.8170212765624999 0.2753479125 0.8021276593750001 0.28031809218750003 0.7446808515625001 0.28230616249999996
12 0.761702128125 0.30914512968749996 0.7489361703124999 0.3111332015625 0.7553191484374999 0.33200795156249996 0.7914893609375 0.33001988125000004 0.8106382984374999 0.31212723593749997 0.8085106390625001 0.30318091406250003 0.797872340625 0.2922465203125 0.772340425 0.2972167 0.761702128125 0.30914512968749996
13 0.8 0.1570576546875 0.7574468078125001 0.161033796875 0.7446808515625001 0.19582505 0.7446808515625001 0.23757455312500003 0.772340425 0.246520875 0.7829787234375 0.25745526875 0.793617021875 0.260437375 0.8191489359374999 0.25745526875 0.827659575 0.248508946875 0.8489361703125 0.2455268390625 0.8893617015625 0.2455268390625 0.8808510640625 0.189860834375 0.85957446875 0.1600397609375 0.8170212765624999 0.1620278328125 0.8 0.1570576546875
13 0.174468084375 0.161033796875 0.127659575 0.161033796875 0.11489361718749999 0.1928429421875 0.11702127656250001 0.2385685890625 0.1553191484375 0.2495029828125 0.23617021249999998 0.248508946875 0.25531914843750003 0.23956262499999997 0.2489361703125 0.1888667984375 0.23191489375000002 0.161033796875 0.1808510640625 0.158051690625 0.174468084375 0.161033796875
10 0.5170212765625 0.0725646125 0.5021276593749999 0.0586481109375 0.47021276562500003 0.0646123265625 0.47021276562500003 0.07057654062499999 0.4574468078125 0.077534790625 0.4127659578125 0.0785288265625 0.40851063906249996 0.13419483125 0.42127659531250006 0.1530815109375 0.42127659531250006 0.171968190625 0.49574468125 0.1749502984375 0.5829787234375 0.171968190625 0.570212765625 0.16500994062500002 0.5659574468749999 0.1510934390625 0.5744680843750001 0.147117296875 0.5808510640625 0.128230615625 0.5808510640625 0.08349900625 0.5680851062500001 0.0765407546875 0.538297871875 0.077534790625 0.5170212765625 0.0725646125
27 0.797872340625 0.6600397609375 0.8127659578124999 0.6640159046874999 0.825531915625 0.6809145125 0.86808510625 0.658051690625 0.8574468078124999 0.636182903125 0.827659575 0.632206759375 0.806382978125 0.6381709734375 0.797872340625 0.6600397609375
29 0.8021276593750001 0.5626242546875 0.7574468078125001 0.5695825046875 0.73191489375 0.6153081515625 0.7234042546875 0.61928429375 0.725531915625 0.6262425453125 0.7446808515625001 0.6302186875 0.7510638296875001 0.6471172968750001 0.7851063828125 0.6471172968750001 0.8042553187499999 0.6401590453125 0.8638297875 0.6421471171875 0.8702127656249999 0.6471172968750001 0.893617021875 0.632206759375 0.897872340625 0.6133200796875 0.86808510625 0.581510934375 0.865957446875 0.5695825046875 0.8319148937499999 0.5675944328125 0.8212765953125001 0.5715705765625 0.8021276593750001 0.5626242546875
29 0.1787234046875 0.5715705765625 0.1638297875 0.5675944328125 0.127659575 0.56858846875 0.093617021875 0.621272365625 0.106382978125 0.62723658125 0.1191489359375 0.6471172968750001 0.165957446875 0.6471172968750001 0.1829787234375 0.652087475 0.1872340421875 0.6471172968750001 0.20212765937500002 0.6471172968750001 0.2106382984375 0.652087475 0.2446808515625 0.643141153125 0.2446808515625 0.6351888671875 0.265957446875 0.62723658125 0.265957446875 0.610337971875 0.238297871875 0.5830019875 0.23617021249999998 0.5705765406250001 0.19361702187500002 0.56858846875 0.1893617015625 0.5626242546875 0.1787234046875 0.5715705765625
24 0.506382978125 0.6292246515625 0.47021276562500003 0.6381709734375 0.4170212765625 0.6371769390625001 0.4106382984375 0.6749502984375 0.4234042546875 0.72862823125 0.46808510625000005 0.7306163015625 0.4765957453125 0.7345924453125 0.5212765953125 0.7345924453125 0.529787234375 0.729622265625 0.5723404249999999 0.726640159375 0.5808510640625 0.6948310140625 0.5787234046874999 0.639165009375 0.5723404249999999 0.636182903125 0.54042553125 0.6371769390625001 0.506382978125 0.6292246515625