23 0.503125 0.675 0.1734375 0.103125
29 0.19140625 0.6015625 0.16953125 0.090625
13 0.19375 0.20078125 0.13203125 0.0828125
29 0.8125 0.6015625 0.16953125 0.090625
1 0.31484375 0.2359375 0.05625 0.03203125
12 0.28359375 0.14921875 0.06875 0.06171875
1 0.5984375 0.26484375 0.0546875 0.0296875
28 0.092050209375 0.553816046875 0.0418410046875 0.56849315 0.087866109375 0.6135029359375 0.10460251093749999 0.6037182 0.1255230125 0.6017612531250001 0.1359832640625 0.5645792562499999 0.098326359375 0.553816046875 0.1087866109375 0.5420743640625 0.092050209375 0.553816046875
0 0 0.31331398906249996 0.0523012546875 0.351272015625 0.06903765625 0.35616438281249996 0.098326359375 0.355185909375 0.17154811718750002 0.308219178125 0.16527196718749998 0.2925636015625 0.11506276093750001 0.27592954999999997 0.0543933046875 0.27592954999999997 0.029288703125 0.27984344375000003 0 0.291715590625 0 0.31331398906249996
9 0.28661087812499997 0.34931506875 0.2991631796875 0.35812133125 0.3242677828125 0.3434442265625 0.3242677828125 0.3189823875 0.31380753125 0.31115459843750004 0.2991631796875 0.3091976515625 0.28661087812499997 0.34931506875
9 0.278242678125 0.36692759218750004 0.274058578125 0.3571428578125 0.251046025 0.35909980468749997 0.251046025 0.3698630140625 0.278242678125 0.36692759218750004
9 0.148535565625 0.3522504890625 0.1694560671875 0.368884540625 0.18410041875 0.35812133125 0.1778242671875 0.34148727968750003 0.18410041875 0.325831703125 0.17154811718750002 0.3140900203125 0.150627615625 0.3307240703125 0.148535565625 0.3522504890625
11 0.5167364015625 0.053816046875 0.4895397484375 0.053816046875 0.47907949843750003 0.0655577296875 0.4497907953125 0.079256359375 0.42050209218749995 0.08219178125 0.4163179921875 0.131115459375 0.43305439375 0.1731898234375 0.5774058578125 0.17221135 0.56903765625 0.1536203515625 0.5836820078125 0.13209393281249998 0.5815899578125 0.0890410953125 0.5753138078125 0.080234834375 0.56276150625 0.079256359375 0.5167364015625 0.053816046875