9 0.49385245937500005 0.46743294999999996 0.49795082031250004 0.48180076562499996 0.4856557375 0.495210728125 0.452868853125 0.4961685828125 0.44467213125000005 0.5038314171875 0.4467213109375 0.516283525 0.46106557343750004 0.5220306515625001 0.5040983609375 0.5191570875 0.528688525 0.5153256703125 0.5430327875 0.50670498125 0.5573770484375 0.504789271875 0.5676229515625 0.5076628359375001 0.5799180328125 0.52586206875 0.6004098359375 0.5287356328125 0.61270491875 0.52586206875 0.6290983609375 0.518199234375 0.63729508125 0.4568965515625 0.6086065578125 0.446360153125 0.5102459015624999 0.45881226093749994 0.49385245937500005 0.46743294999999996
1 0.7930327875 0.45402298906249994 0.8196721312499999 0.45785440624999996 0.8278688531249999 0.44923371718749994 0.8176229515625 0.4243295015625 0.7950819671875 0.4214559390625 0.7827868859375 0.436781609375 0.7930327875 0.45402298906249994
1 0.7172131140625 0.44444444375 0.7254098359375 0.44444444375 0.7356557375 0.43486589999999997 0.7356557375 0.42049808437499997 0.7110655734375 0.42049808437499997 0.7069672125 0.439655171875 0.7172131140625 0.44444444375
1 0.69467213125 0.39559387031250004 0.7110655734375 0.40134099687499997 0.72336065625 0.39559387031250004 0.721311475 0.3773946359375 0.6987704921875 0.3773946359375 0.69467213125 0.381226053125 0.69467213125 0.39559387031250004
1 0.875 0.41570881249999997 0.883196721875 0.40708812187500004 0.881147540625 0.394636015625 0.8545081968750001 0.394636015625 0.8524590156249999 0.4176245203125 0.875 0.41570881249999997
12 0.8053278687500001 0.4051724140625 0.8053278687500001 0.3888888890625 0.7745901640625 0.387931034375 0.7684426234374999 0.40900383125 0.8053278687500001 0.4051724140625
12 0.811475409375 0.1647509578125 0.797131146875 0.1695402296875 0.7540983609375 0.1695402296875 0.741803278125 0.2040229890625 0.743852459375 0.24329501874999998 0.7930327875 0.24616858281249998 0.866803278125 0.24425287343750002 0.868852459375 0.1973180078125 0.8545081968750001 0.1695402296875 0.8258196718749999 0.1695402296875 0.811475409375 0.1647509578125
13 0.8217213109375001 0.1647509578125 0.7540983609375 0.1695402296875 0.741803278125 0.20498084218749998 0.7459016390625 0.24425287343750002 0.868852459375 0.24329501874999998 0.8709016390625001 0.20306513437499998 0.8586065578125 0.173371646875 0.8504098359375 0.168582375 0.8319672125 0.17241379375000002 0.8217213109375001 0.1647509578125
13 0.145491803125 0.1695402296875 0.13729508125 0.196360153125 0.1393442625 0.24425287343750002 0.20286885312499997 0.24616858281249998 0.26229508125 0.24329501874999998 0.2643442625 0.196360153125 0.25 0.1848659 0.2520491796875 0.17241379375000002 0.2479508203125 0.1695402296875 0.200819671875 0.1676245203125 0.145491803125 0.1695402296875
10 0.508196721875 0.069923371875 0.4836065578125 0.072796934375 0.479508196875 0.079501915625 0.45696721250000005 0.0881226046875 0.422131146875 0.0900383140625 0.41803278749999995 0.1417624515625 0.43032786874999995 0.180076628125 0.5758196718749999 0.180076628125 0.5676229515625 0.160919540625 0.5799180328125 0.1494252875 0.58401639375 0.0948275859375 0.5758196718749999 0.0900383140625 0.5245901640625 0.0852490421875 0.5184426234374999 0.0718390796875 0.508196721875 0.069923371875
26 1 0.5528948484375 0.991803278125 0.5507662828125001 0.9487704921875 0.5517241375 0.938524590625 0.5555555562500001 0.938524590625 0.563218390625 0.971311475 0.59770115 0.9836065578125 0.5967432953125 0.9856557374999999 0.5881226046875 1 0.5861111109375 1 0.5528948484375
29 0.11680327812499999 0.614942528125 0.1270491796875 0.6168582375 0.1393442625 0.637931034375 0.1844262296875 0.637931034375 0.1987704921875 0.6417624515625 0.2192622953125 0.6369731796875 0.22745901562499998 0.64272030625 0.2315573765625 0.636015325 0.256147540625 0.635057471875 0.241803278125 0.6197318 0.2602459015625 0.6005747125 0.2520491796875 0.5660919546875001 0.241803278125 0.5622605359375 0.14754098437500002 0.5641762453125 0.11680327812499999 0.614942528125
29 0.8258196718749999 0.5603448281250001 0.8176229515625 0.563218390625 0.7868852453125 0.5574712640625 0.75 0.5593869734375 0.729508196875 0.61015325625 0.72336065625 0.6111111109375 0.72336065625 0.6159003828125 0.7336065578125 0.6168582375 0.741803278125 0.635057471875 0.75 0.637931034375 0.7930327875 0.637931034375 0.8032786890624999 0.6321839078125 0.8299180328125001 0.6321839078125 0.83401639375 0.6417624515625 0.866803278125 0.635057471875 0.8647540984375001 0.62643678125 0.8545081968750001 0.6226053640625 0.8545081968750001 0.605363984375 0.8790983609374999 0.6034482765625 0.875 0.5919540234375 0.8627049187500001 0.581417625 0.8565573765625001 0.56130268125 0.8258196718749999 0.5603448281250001
23 0.522540984375 0.62356321875 0.491803278125 0.6226053640625 0.42622950781249996 0.6273946359375 0.4200819671875 0.6618773953125 0.43032786874999995 0.7164750953125 0.479508196875 0.7203065140625 0.508196721875 0.7183908046874999 0.52663934375 0.722222221875 0.5307377046874999 0.7183908046874999 0.5758196718749999 0.715517240625 0.5758196718749999 0.6954022984375 0.5860655734375 0.6810344828125 0.58401639375 0.6408045984374999 0.5758196718749999 0.6273946359375 0.54098360625 0.6293103453125 0.522540984375 0.62356321875
21 0.7520491796875 0.42049808437499997 0.7315573765625001 0.436781609375 0.70901639375 0.4358237546875 0.6967213109375 0.44444444375 0.6926229515625 0.4568965515625 0.7110655734375 0.4568965515625 0.7356557375 0.46455938750000003 0.7397540984375001 0.47318007656249994 0.758196721875 0.4750957859375 0.8053278687500001 0.4568965515625 0.8237704921875 0.4568965515625 0.8196721312499999 0.44157088125 0.8012295078125 0.43869731874999995 0.778688525 0.4214559390625 0.7520491796875 0.42049808437499997