23 0.49921875 0.6625 0.165625 0.09765625
9 0.79921875 0.44453125 0.165625 0.06953125
25 0.7171875 0.259375 0.09375 0.05703125
29 0.7953125 0.59375 0.16171875 0.08125
29 0.203125 0.5921875 0.16171875 0.0875
21 0.73984375 0.3796875 0.08828125 0.04609375
28 0.806 0.40768509843749995 0.8300000000000001 0.40206185625 0.8699999999999999 0.4029990625 0.876 0.38612933437499997 0.866 0.3739456421875 0.8720000000000001 0.36925960625 0.806 0.3636363640625 0.786 0.3701968140625 0.764 0.36925960625 0.752 0.38612933437499997 0.778 0.392689784375 0.782 0.40206185625 0.806 0.40768509843749995
25 0.42000000000000004 0.3036551078125 0.446 0.3308341140625 0.49000000000000005 0.33177132187499997 0.506 0.31958762812499997 0.49800000000000005 0.298031865625 0.512 0.2942830359375 0.534 0.2961574515625 0.532 0.2933458296875 0.514 0.2895970015625 0.5 0.291471415625 0.48200000000000004 0.284910965625 0.462 0.2867853796875 0.45199999999999996 0.28209934375 0.42400000000000004 0.285848171875 0.43600000000000005 0.2905342078125 0.434 0.2999062796875 0.422 0.298969071875 0.42000000000000004 0.3036551078125
16 0.608 0.1255857546875 0.58 0.12746016875 0.562 0.15182755312500001 0.602 0.17525773125 0.63 0.13870665468750001 0.608 0.1255857546875
11 0.42800000000000005 0.18181818125 0.564 0.18369259531249998 0.5700000000000001 0.178069353125 0.568 0.15370196875 0.558 0.14995313906250002 0.576 0.13589503281249998 0.5780000000000001 0.0937207125 0.55 0.0852858484375 0.538 0.090909090625 0.524 0.0815370203125 0.528 0.07403936250000001 0.49800000000000005 0.06654170625 0.484 0.077788190625 0.43 0.0918462984375 0.418 0.09746954062499999 0.42400000000000004 0.1527647609375 0.43600000000000005 0.164011246875 0.42800000000000005 0.18181818125
8 0.5519999999999999 0.089971884375 0.576 0.0890346765625 0.554 0.0684161203125 0.528 0.060918462500000006 0.514 0.0627928765625 0.514 0.070290534375 0.528 0.07310215625000001 0.528 0.0815370203125 0.5519999999999999 0.089971884375