1 0.6713709671875 0.3283018875 0.673387096875 0.3339622640625 0.707661290625 0.3396226421875 0.7338709671875 0.33490566093749996 0.7399193546875 0.3292452828125 0.72782258125 0.3292452828125 0.7177419359375 0.32358490624999997 0.7177419359375 0.3169811328125 0.695564515625 0.3169811328125 0.6834677421875 0.327358490625 0.6713709671875 0.3283018875
1 0.8225806453125 0.367924528125 0.8306451609375 0.3669811328125 0.8447580640625001 0.372641509375 0.854838709375 0.3669811328125 0.84677419375 0.3471698109375 0.8225806453125 0.344339621875 0.8145161296874999 0.3594339625 0.8225806453125 0.367924528125
1 0.8125 0.3424528296875 0.8185483874999999 0.3471698109375 0.84677419375 0.34528301875 0.8508064515625 0.353773584375 0.8629032265625 0.3424528296875 0.8891129031249999 0.3471698109375 0.8891129031249999 0.34056603750000003 0.8770161296874999 0.33490566093749996 0.8266129031249999 0.33301886718749996 0.8125 0.3424528296875
1 0.84072580625 0.3207547171875 0.8366935484375 0.332075471875 0.8225806453125 0.332075471875 0.8084677421875 0.3433962265625 0.8891129031249999 0.3471698109375 0.8850806453125 0.33773584843750004 0.8608870968750001 0.327358490625 0.8608870968750001 0.3216981125 0.84072580625 0.3207547171875
12 0.7338709671875 0.28301886718749997 0.7379032265625 0.2886792453125 0.7943548390624999 0.2905660375 0.8084677421875 0.3283018875 0.8286290328125 0.317924528125 0.8266129031249999 0.3075471703125 0.8125 0.29622641562499996 0.8225806453125 0.28113207500000004 0.8024193546875 0.27641509375 0.7883064515625 0.28113207500000004 0.7338709671875 0.28301886718749997
12 0.75 0.308490565625 0.7379032265625 0.31037735781250003 0.7439516125 0.3301886796875 0.77822580625 0.3283018875 0.7963709671875 0.3113207546875 0.7943548390624999 0.3028301890625 0.78427419375 0.2924528296875 0.7600806453125 0.2971698109375 0.75 0.308490565625
13 0.7862903218749999 0.16415094375 0.7459677421875 0.167924528125 0.7338709671875 0.20094339687499999 0.7338709671875 0.2405660375 0.7600806453125 0.24905660312500003 0.770161290625 0.2594339625 0.7802419359375 0.2622641515625 0.804435484375 0.2594339625 0.8125 0.250943396875 0.832661290625 0.2481132078125 0.8709677421875 0.2481132078125 0.8629032265625 0.19528301875 0.8427419359374999 0.1669811328125 0.8024193546875 0.168867925 0.7862903218749999 0.16415094375
13 0.1935483875 0.167924528125 0.1491935484375 0.167924528125 0.13709677343749999 0.1981132078125 0.139112903125 0.241509434375 0.17540322656250001 0.2518867921875 0.2520161296875 0.250943396875 0.270161290625 0.2424528296875 0.264112903125 0.194339621875 0.2479838703125 0.167924528125 0.19959677343749999 0.16509433906249998 0.1935483875 0.167924528125
10 0.5181451609375001 0.0839622640625 0.5040322578125 0.07075471718750001 0.473790321875 0.07641509375 0.473790321875 0.082075471875 0.46169354843750005 0.0886792453125 0.4193548390625 0.0896226421875 0.41532258125 0.1424528296875 0.4274193546875 0.1603773578125 0.4274193546875 0.1783018875 0.4979838703125 0.181132075 0.5806451609375001 0.1783018875 0.5685483875 0.1716981125 0.5645161296875 0.158490565625 0.5725806453125 0.15471698125 0.5786290328125 0.136792453125 0.5786290328125 0.094339621875 0.5665322578125 0.0877358484375 0.5383064515625 0.0886792453125 0.5181451609375001 0.0839622640625
27 0.78427419375 0.641509434375 0.798387096875 0.64528301875 0.8104838703125001 0.6613207546875 0.8508064515625 0.6396226421875 0.84072580625 0.618867925 0.8125 0.6150943390625 0.792338709375 0.6207547171875001 0.78427419375 0.641509434375
29 0.7883064515625 0.549056603125 0.7459677421875 0.555660378125 0.72177419375 0.599056603125 0.7137096781250001 0.6028301890625001 0.71572580625 0.6094339625 0.7338709671875 0.613207546875 0.7399193546875 0.6292452828124999 0.77217741875 0.6292452828124999 0.79032258125 0.622641509375 0.84677419375 0.6245283015624999 0.8528225812500001 0.6292452828124999 0.875 0.6150943390625 0.8790322578125 0.5971698109375 0.8508064515625 0.5669811328125001 0.848790321875 0.555660378125 0.8165322578125 0.553773584375 0.8064516125000001 0.5575471703125 0.7883064515625 0.549056603125
29 0.1975806453125 0.5575471703125 0.1834677421875 0.553773584375 0.1491935484375 0.55471698125 0.11693548437500001 0.60471698125 0.1290322578125 0.6103773578125 0.1411290328125 0.6292452828124999 0.1854838703125 0.6292452828124999 0.20161290312500002 0.6339622640625 0.2056451609375 0.6292452828124999 0.2197580640625 0.6292452828124999 0.22782258125000002 0.6339622640625 0.2600806453125 0.6254716984375001 0.2600806453125 0.617924528125 0.2802419359375 0.6103773578125 0.2802419359375 0.594339621875 0.2540322578125 0.5683962265625 0.2520161296875 0.5566037734375 0.2116935484375 0.55471698125 0.207661290625 0.549056603125 0.1975806453125 0.5575471703125
24 0.508064515625 0.6122641515625 0.473790321875 0.6207547171875001 0.423387096875 0.6198113203125 0.41733870937499995 0.655660378125 0.429435484375 0.7066037734374999 0.47177419374999996 0.708490565625 0.47983870937499995 0.7122641515625 0.52217741875 0.7122641515625 0.5302419359375 0.7075471703125 0.570564515625 0.70471698125 0.5786290328125 0.6745283015625 0.576612903125 0.6216981125000001 0.570564515625 0.618867925 0.54032258125 0.6198113203125 0.508064515625 0.6122641515625