10 0.4142259421875 0.1262230921875 0.4288702921875 0.15264187812500002 0.4225941421875 0.170254403125 0.49163179843749993 0.174168296875 0.56903765625 0.170254403125 0.5857740578125 0.123287671875 0.5794979078125 0.0782778859375 0.531380753125 0.0743639921875 0.5230125515624999 0.0636007828125 0.49163179843749993 0.0567514671875 0.472803346875 0.07338551875 0.42677824218750005 0.075342465625 0.4142259421875 0.0812133078125 0.4142259421875 0.1262230921875
13 0.7343096234375001 0.23679060624999998 0.7531380750000001 0.23874755312499998 0.7594142265625 0.24559686875 0.7824267781249999 0.23874755312499998 0.7991631796875 0.23874755312499998 0.8263598328124999 0.2485322890625 0.8702928875 0.23581213281250002 0.8702928875 0.187866928125 0.8598326359374999 0.15949119375 0.8242677828125 0.15949119375 0.8075313812499999 0.1555773 0.757322175 0.15949119375 0.7405857734375 0.18688845468749998 0.7343096234375001 0.23679060624999998
13 0.251046025 0.2338551859375 0.251046025 0.18884540156250001 0.2405857734375 0.15949119375 0.2008368203125 0.15459882656249999 0.17991631875 0.15949119375 0.1359832640625 0.15949119375 0.1234309625 0.189823875 0.12133891249999999 0.2318982390625 0.12761506250000001 0.23581213281250002 0.2405857734375 0.23679060624999998 0.251046025 0.2338551859375
9 0.2405857734375 0.48336594843749997 0.2364016734375 0.5078277890625 0.24476987499999997 0.5156555765624999 0.2656903765625 0.5273972609375 0.30962343125 0.5313111546875 0.31380753125 0.523483365625 0.345188284375 0.51272015625 0.3723849375 0.489236790625 0.3849372390625 0.48532289687499997 0.3828451890625 0.47651663437499997 0.3556485359375 0.4579256359375 0.31799163125 0.4569471625 0.28661087812499997 0.4569471625 0.2594142265625 0.463796478125 0.2405857734375 0.48336594843749997
12 0.472803346875 0.3825831703125 0.468619246875 0.3953033265625 0.5 0.40117416875 0.49581590000000003 0.40998043125 0.50209205 0.41682974531249994 0.4895397484375 0.43150685 0.49372385 0.4432485328125 0.5125523015625 0.4452054796875 0.5209205015625 0.450097846875 0.537656903125 0.430528375 0.56276150625 0.43150685 0.5502092046875 0.4148727984375 0.56694560625 0.38356164375 0.5606694562500001 0.3806262234375 0.472803346875 0.3825831703125
1 0.5794979078125 0.376712328125 0.5774058578125 0.40508806249999996 0.587866109375 0.4129158515625 0.600418409375 0.4129158515625 0.6046025109375 0.399217221875 0.6213389125 0.390410959375 0.6046025109375 0.376712328125 0.5794979078125 0.376712328125
1 0.6443514640625 0.40117416875 0.6171548109375 0.40117416875 0.6234309625 0.4256360078125 0.6380753140625 0.4275929546875 0.658995815625 0.41682974531249994 0.6443514640625 0.40117416875
24 0.468619246875 0.62524461875 0.42050209218749995 0.627201565625 0.4142259421875 0.6369863015624999 0.412133890625 0.6859099796875 0.4225941421875 0.7181996093749999 0.44351464375000005 0.722113503125 0.462343096875 0.72015655625 0.47071129687499996 0.7250489234375 0.5188284515625 0.7250489234375 0.5711297078124999 0.7181996093749999 0.5836820078125 0.6604696671875 0.5753138078125 0.627201565625 0.5230125515624999 0.6281800390625001 0.5104602515625001 0.627201565625 0.50209205 0.62035225 0.4853556484375 0.62035225 0.468619246875 0.62524461875
29 0.1673640171875 0.5587084156250001 0.1359832640625 0.5596868890625 0.1255230125 0.5900195687500001 0.1255230125 0.6017612531250001 0.1443514640625 0.6115459875 0.12133891249999999 0.6213307234375 0.1297071125 0.636007828125 0.156903765625 0.644814090625 0.25313807499999996 0.636007828125 0.25523012500000003 0.6213307234375 0.27196652656250003 0.6174168296875 0.274058578125 0.6115459875 0.2615062765625 0.6037182 0.2301255234375 0.5587084156250001 0.2071129703125 0.5587084156250001 0.19037656875 0.5645792562499999 0.1673640171875 0.5587084156250001
29 0.725941421875 0.6213307234375 0.7405857734375 0.6262230921875 0.7489539749999999 0.6369863015624999 0.7803347281249999 0.6438356171875 0.788702928125 0.6389432484374999 0.80543933125 0.6428571421875 0.8682008375000001 0.6389432484374999 0.8933054390624999 0.6125244624999999 0.8598326359374999 0.5616438359375 0.7719665265625 0.553816046875 0.7531380750000001 0.5616438359375 0.7510460250000001 0.5748532296875 0.723849371875 0.6007827781249999 0.725941421875 0.6213307234375
21 0.721757321875 0.43346379687500003 0.723849371875 0.4452054796875 0.7489539749999999 0.450097846875 0.7594142265625 0.442270059375 0.7594142265625 0.4268591 0.7677824265625001 0.41780821875 0.7866108781250001 0.41095890468749996 0.7866108781250001 0.4021526421875 0.744769875 0.3913894328125 0.723849371875 0.390410959375 0.7092050203125 0.4001956953125 0.69456066875 0.4236790609375 0.721757321875 0.43346379687500003
18 0.3619246859375 0.5655577296875001 0.3535564859375 0.588062621875 0.35983263593750003 0.5939334640625 0.42468619218750003 0.5919765171875 0.45397489531249996 0.5949119375 0.468619246875 0.59099804375 0.47071129687499996 0.5812133078125 0.462343096875 0.5724070453125 0.468619246875 0.5547945203125 0.42050209218749995 0.5440313109375 0.40376569062499995 0.534246575 0.3807531375 0.536203521875 0.3577405859375 0.5567514671875 0.3619246859375 0.5655577296875001
37 0.2322175734375 0.534246575 0.223849371875 0.53913894375 0.215481171875 0.5547945203125 0.23849372343750003 0.5587084156250001 0.2677824265625 0.5313111546875 0.2322175734375 0.534246575
37 0.2928870296875 0.55577299375 0.30962343125 0.545009784375 0.30962343125 0.534246575 0.2907949796875 0.5254403125 0.282426778125 0.5313111546875 0.28033472812500004 0.54794520625 0.2928870296875 0.55577299375
37 0.345188284375 0.536203521875 0.345188284375 0.5440313109375 0.3347280328125 0.5508806265625 0.35983263593750003 0.553816046875 0.3702928875 0.54794520625 0.3723849375 0.5381604703125 0.3535564859375 0.5332681015625 0.345188284375 0.536203521875
27 0.06276150625 0.6193737765625 0.0711297078125 0.6262230921875 0.0836820078125 0.623287671875 0.10041840937499999 0.59882583125 0.12133891249999999 0.5949119375 0.1255230125 0.5821917812499999 0.12133891249999999 0.579256359375 0.06485355625 0.5763209390624999 0.048117154687500004 0.5831702546875001 0.035564853125000004 0.5958904109375001 0.037656903125 0.614481409375 0.06276150625 0.6193737765625