10 0.5759493671875 0.41501976249999994 0.5506329109375 0.42786561250000005 0.5527426156249999 0.4416996046875 0.5379746828124999 0.46245059218750006 0.5548523203125 0.4604743078125 0.5886075953125001 0.472332015625 0.5928270046875 0.47924901249999996 0.5843881859375 0.4861660078125 0.5928270046875 0.49110671874999995 0.6497890296875 0.49110671874999995 0.6835443031249999 0.48023715468750006 0.6983122359375 0.4634387359375 0.69620253125 0.45553359687499995 0.6645569625000001 0.4328063234375 0.6308016875 0.416996046875 0.5759493671875 0.41501976249999994
9 0.5759493671875 0.41501976249999994 0.5506329109375 0.42786561250000005 0.5527426156249999 0.442687746875 0.5379746828124999 0.46245059218750006 0.5548523203125 0.4604743078125 0.5886075953125001 0.472332015625 0.5928270046875 0.47924901249999996 0.5843881859375 0.4861660078125 0.5928270046875 0.49110671874999995 0.651898734375 0.49110671874999995 0.6835443031249999 0.48023715468750006 0.6983122359375 0.46245059218750006 0.69620253125 0.45553359687499995 0.6666666671875 0.433794465625 0.6308016875 0.416996046875 0.5759493671875 0.41501976249999994
1 0.7763713078125 0.43873517812499996 0.7974683546875 0.4377470359375 0.8143459921874999 0.42391304375 0.8143459921874999 0.41501976249999994 0.7974683546875 0.41106719375 0.7784810125 0.416996046875 0.7763713078125 0.43873517812499996
1 0.8016877640625 0.4081027671875 0.8164556968750001 0.409090909375 0.8248945140625 0.40513834062500004 0.82700421875 0.383399209375 0.8101265828124999 0.3824110671875 0.799578059375 0.3863636359375 0.8016877640625 0.4081027671875
1 0.7194092828125 0.4031620546875 0.7299578062500001 0.4081027671875 0.74683544375 0.4021739125 0.7447257390625001 0.3824110671875 0.7236286921875 0.3824110671875 0.717299578125 0.3863636359375 0.7194092828125 0.4031620546875
12 0.7805907171875 0.311264821875 0.75316455625 0.36166007968749997 0.761603375 0.370553359375 0.7763713078125 0.37747035625 0.8101265828124999 0.37351778593749996 0.8206751062500001 0.3804347828125 0.8333333328125001 0.3547430828125 0.84388185625 0.3507905140625 0.8417721515625001 0.344861659375 0.8164556968750001 0.3320158109375 0.8059071734375 0.31324110625 0.7805907171875 0.311264821875
13 0.761603375 0.142292490625 0.7489451484375 0.15909090937499998 0.75316455625 0.20158102812499998 0.7805907171875 0.2045454546875 0.8797468359374999 0.19960474374999998 0.8818565406250001 0.1531620546875 0.8670886078125 0.137351778125 0.8691983125 0.1264822140625 0.8101265828124999 0.12252964375 0.761603375 0.125494071875 0.761603375 0.142292490625
13 0.17088607656250002 0.1235177859375 0.1371308015625 0.1235177859375 0.1244725734375 0.157114625 0.1244725734375 0.19565217343750002 0.1308016875 0.20158102812499998 0.14978902968750002 0.205533596875 0.23839662499999997 0.2035573125 0.2552742609375 0.19960474374999998 0.257383965625 0.1531620546875 0.2447257390625 0.1264822140625 0.21308016875 0.1235177859375 0.1983122359375 0.1175889328125 0.17088607656250002 0.1235177859375
10 0.48101265781249997 0.028656126562500002 0.46413502187500005 0.0415019765625 0.4198312234375 0.04249011875 0.41772151874999996 0.1047430828125 0.4324894515625 0.13537549375 0.5506329109375 0.1363636359375 0.5759493671875 0.133399209375 0.569620253125 0.1200592890625 0.5843881859375 0.0918972328125 0.5801687765625 0.04249011875 0.529535865625 0.0395256921875 0.5126582281250001 0.023715415625 0.48101265781249997 0.028656126562500002
29 0.7299578062500001 0.5770750984374999 0.7299578062500001 0.5859683796875 0.74683544375 0.5909090906250001 0.7510548515625 0.605731225 0.7679324890625 0.6086956515625 0.799578059375 0.6067193671875 0.8164556968750001 0.61462450625 0.8333333328125001 0.6086956515625 0.8417721515625001 0.61462450625 0.8797468359374999 0.603754940625 0.8987341765625001 0.58893280625 0.9008438812499999 0.5721343875 0.8670886078125 0.5335968375 0.8143459921874999 0.5247035578125 0.761603375 0.52964426875 0.7299578062500001 0.5770750984374999
29 0.20464135 0.5326086953125 0.177215190625 0.5286561265625 0.1371308015625 0.52964426875 0.1054852328125 0.5820158109375 0.118143459375 0.58893280625 0.126582278125 0.6067193671875 0.1592827 0.6077075093750001 0.1898734171875 0.61462450625 0.2067510546875 0.6077075093750001 0.2194092828125 0.6136363640625 0.22573839687500002 0.6067193671875 0.24683544375 0.6077075093750001 0.2552742609375 0.603754940625 0.274261603125 0.5899209484375 0.2784810125 0.574110671875 0.25949367031250004 0.5681818187500001 0.2447257390625 0.5286561265625 0.2405063296875 0.5256917 0.2151898734375 0.5276679843750001 0.20464135 0.5326086953125
23 0.5105485234375 0.5918972328125001 0.4240506328125 0.5968379453125 0.41772151874999996 0.633399209375 0.430379746875 0.688735178125 0.46835442968749996 0.6907114625 0.487341771875 0.6956521734375001 0.5274261609375 0.6956521734375001 0.5464135015625 0.688735178125 0.5801687765625 0.68675889375 0.5907173 0.6363636359375 0.586497890625 0.599802371875 0.5801687765625 0.595849803125 0.544303796875 0.5968379453125 0.5105485234375 0.5918972328125001
18 0.44303797500000003 0.4733201578125 0.41772151874999996 0.48122529687500004 0.4240506328125 0.4990118578125 0.4156118140625 0.5138339921874999 0.421940928125 0.5197628453124999 0.5316455703125 0.5197628453124999 0.5337552750000001 0.4822134390625 0.52531645625 0.46739130468749995 0.50843881875 0.4634387359375 0.48101265781249997 0.47035573125 0.44303797500000003 0.4733201578125
21 0.7362869203125 0.43181818125 0.7025316453125 0.4456521734375 0.700421940625 0.459486165625 0.7194092828125 0.4604743078125 0.742616034375 0.46837944687500005 0.74683544375 0.476284584375 0.78691983125 0.48320158125 0.7974683546875 0.46936758906250003 0.8185654015624999 0.4604743078125 0.8354430374999999 0.459486165625 0.822784809375 0.44071146250000004 0.808016878125 0.4357707515625 0.8143459921874999 0.41897233125 0.8059071734375 0.41403162031249996 0.7299578062500001 0.41600790468750004 0.7362869203125 0.43181818125
26 0.9578059078125 0.531620553125 0.9894514765625001 0.5583003953125 0.9978902953125001 0.55533596875 0.995780590625 0.52964426875 0.9873417718749999 0.51679841875 0.9535864984375 0.5177865609375 0.9578059078125 0.531620553125