1 0.5411522640624999 0.46628131093749997 0.5617283953125 0.4768786125 0.5740740734374999 0.469171484375 0.5720164609375 0.45857418125000005 0.5617283953125 0.452793834375 0.5411522640624999 0.4556840078125 0.5411522640624999 0.46628131093749997
1 0.779835390625 0.47495182968750005 0.79012345625 0.48169556875 0.8106995890625001 0.4739884390625 0.8086419749999999 0.45472061718749995 0.79012345625 0.452793834375 0.7818930046875 0.4556840078125 0.779835390625 0.47495182968750005
1 0.8312757203125001 0.36127167656250003 0.8374485593750001 0.3737957609375 0.8477366249999999 0.36608863125 0.8621399171874999 0.36608863125 0.8724279828125001 0.37572254374999997 0.8786008234375 0.3728323703125 0.88271605 0.36512524062499996 0.8724279828125001 0.35645472031250003 0.8724279828125001 0.3439306359375 0.8436213984375 0.3439306359375 0.8436213984375 0.35260115625 0.8312757203125001 0.36127167656250003
1 0.6934156375 0.3439306359375 0.6666666671875 0.3689788046875 0.7283950625 0.36512524062499996 0.74897119375 0.3689788046875 0.7469135796875 0.35934489375 0.720164609375 0.3497109828125 0.7160493828125001 0.3439306359375 0.6934156375 0.3439306359375
12 0.740740740625 0.3477842 0.75102880625 0.36608863125 0.779835390625 0.36512524062499996 0.8045267484374999 0.37090558749999997 0.818930040625 0.3439306359375 0.8292181062499999 0.3410404625 0.82510288125 0.3323699421875 0.8065843625 0.323699421875 0.761316871875 0.32080924843749997 0.740740740625 0.3477842
13 0.8333333328125001 0.1666666671875 0.818930040625 0.16570327499999998 0.8024691359375 0.169556840625 0.7654320984375 0.169556840625 0.7530864203125 0.2042389203125 0.7551440328125001 0.2437379578125 0.8786008234375 0.24470134843750002 0.8806584359375 0.1974951828125 0.8662551437499999 0.169556840625 0.8436213984375 0.17244701406250001 0.8333333328125001 0.1666666671875
13 0.1543209875 0.169556840625 0.144032921875 0.20038535624999998 0.146090534375 0.2437379578125 0.16460905312500002 0.2485549140625 0.269547325 0.24470134843750002 0.2736625515625 0.1955684 0.2572016453125 0.1685934484375 0.20781892968750001 0.164739884375 0.1543209875 0.169556840625
10 0.48559670781250003 0.075144509375 0.47736625468750005 0.0867052015625 0.432098765625 0.089595375 0.4300411515625 0.1512524078125 0.44238683125 0.1801541421875 0.586419753125 0.1801541421875 0.5781893 0.17052023125 0.5905349796875 0.14932562656249998 0.59465020625 0.09441233125000001 0.588477365625 0.0905587671875 0.530864196875 0.081888246875 0.52057613125 0.0684007703125 0.48559670781250003 0.075144509375
29 0.7654320984375 0.563583815625 0.7633744859375 0.581888246875 0.7469135796875 0.606936415625 0.7325102875 0.611753371875 0.7325102875 0.6194605015625 0.7551440328125001 0.6387283234375001 0.8024691359375 0.6377649328125 0.8127572015625001 0.6416184968749999 0.816872428125 0.63583815 0.8971193421875 0.6262042390625 0.9012345671875 0.6078998078125 0.88271605 0.5982658953125 0.8703703703125001 0.565510596875 0.8395061734375 0.563583815625 0.79012345625 0.5529865125 0.7654320984375 0.563583815625
29 0.125514403125 0.611753371875 0.125514403125 0.6194605015625 0.1481481484375 0.6416184968749999 0.2057613171875 0.64739884375 0.222222221875 0.6425818875 0.23456790156250001 0.64739884375 0.2860082296875 0.6329479765625 0.2942386828125 0.6078998078125 0.2736625515625 0.5973025046875 0.26131687187499997 0.565510596875 0.1563786015625 0.56454720625 0.1378600828125 0.6078998078125 0.125514403125 0.611753371875
18 0.43415637812499996 0.5154142578124999 0.432098765625 0.553949903125 0.44238683125 0.5568400765625 0.46502057656250007 0.552023121875 0.53909465 0.5558766859375 0.5432098765625 0.54816955625 0.5349794234374999 0.535645471875 0.5432098765625 0.5154142578124999 0.5370370375 0.5067437375 0.530864196875 0.5028901734375 0.510288065625 0.5028901734375 0.43415637812499996 0.5154142578124999
21 0.7078189296875 0.5337186890625001 0.7283950625 0.5317919078125 0.7448559671874999 0.5385356453125001 0.7427983546875 0.5500963390625 0.759259259375 0.5529865125 0.769547325 0.54816955625 0.7818930046875 0.553949903125 0.796296296875 0.5529865125 0.8148148140625 0.5366088625 0.8333333328125001 0.54142581875 0.8395061734375 0.528901734375 0.7757201640625 0.49710982656249997 0.7057613171875 0.5231213875 0.7078189296875 0.5337186890625001
26 0.9156378593750001 0.552023121875 0.8950617281250001 0.5616570328125 0.9567901234375 0.5857418109375 0.96090535 0.5973025046875 0.9711934156250001 0.5973025046875 0.9855967078125 0.581888246875 0.9835390953125 0.5616570328125 0.9629629625 0.5558766859375 0.9279835390625 0.5606936421875 0.9156378593750001 0.552023121875
23 0.5144032921874999 0.6252408484374999 0.49176954687499996 0.6310211953125 0.471193415625 0.628131021875 0.4362139921875 0.6300578031249999 0.42798353906250003 0.66377649375 0.44032921875 0.7196531796875 0.5349794234374999 0.7273603078125 0.5514403296875 0.7196531796875 0.586419753125 0.7196531796875 0.59670781875 0.6859344890625 0.59465020625 0.6368015421875 0.588477365625 0.6300578031249999 0.530864196875 0.6290944125 0.5144032921874999 0.6252408484374999