23 0.51328125 0.69296875 0.17421875 0.10234375
29 0.82578125 0.621875 0.16796875 0.08359375
13 0.8234375 0.21328125 0.134375 0.084375
29 0.20390625 0.61796875 0.17265625 0.090625
35 0.75859375 0.39296875 0.109375 0.053125
28 0.9033613453125 0.4192913390625 0.8991596640624999 0.4301181109375 0.909663865625 0.4379921265625 0.9138655468750001 0.457677165625 0.94957983125 0.467519684375 0.9348739500000001 0.48720472499999995 0.9411764703125 0.49409448749999996 0.9642857140625001 0.495078740625 0.9768907562500001 0.48228346406249994 0.9621848734375 0.47342519687499995 0.9621848734375 0.467519684375 0.9831932765625 0.4616141734375 0.9831932765625 0.43405511875 0.9390756296875 0.414370078125 0.9033613453125 0.4192913390625
0 0.886554621875 0.4005905515625 0.886554621875 0.414370078125 0.8970588234375001 0.41830708593750004 0.9390756296875 0.4192913390625 0.9894957984375001 0.37204724375 0.9894957984375001 0.35531496093750004 0.974789915625 0.342519684375 0.9348739500000001 0.3287401578125 0.9243697484375 0.3208661421875 0.91176470625 0.31988188906250004 0.8550420171875001 0.3503937015625 0.8508403359375001 0.3740157484375 0.886554621875 0.4005905515625
25 0.7331932765625 0.5167322828125 0.728991596875 0.523622046875 0.7352941171875 0.5226377953125 0.7415966390625 0.5285433078125 0.728991596875 0.54035433125 0.75 0.5570866140625 0.7584033609375 0.5600393703125001 0.7878151265625 0.55905511875 0.817226890625 0.5433070859375 0.8151260499999999 0.529527559375 0.8298319328125 0.5275590546875 0.8319327734374999 0.523622046875 0.817226890625 0.523622046875 0.777310925 0.5118110234375 0.7331932765625 0.5167322828125
9 0.8067226890624999 0.476377953125 0.7815126046875001 0.4724409453125 0.7794117640625 0.48425196875000004 0.8025210078124999 0.4881889765625 0.8151260499999999 0.48523622031249997 0.8067226890624999 0.476377953125
9 0.8550420171875001 0.44685039375 0.8340336140625 0.44291338593749996 0.8298319328125 0.43405511875 0.7983193281250001 0.43405511875 0.7815126046875001 0.42814960625 0.771008403125 0.4379921265625 0.74579831875 0.44094488125 0.728991596875 0.45472440937499997 0.72689075625 0.46259842500000004 0.75 0.4665354328125 0.747899159375 0.4773622046875 0.72689075625 0.48228346406249994 0.728991596875 0.48720472499999995 0.7352941171875 0.492125984375 0.7647058828125 0.492125984375 0.7668067234375 0.4803149609375 0.8067226890624999 0.46259842500000004 0.8487394953124999 0.46259842500000004 0.8739495796875 0.45472440937499997 0.8802521015625 0.44685039375 0.8655462187499999 0.44291338593749996 0.8550420171875001 0.44685039375
11 0.4474789921875 0.1692913390625 0.44117647031249996 0.1870078734375 0.586134453125 0.1879921265625 0.5987394953125 0.1584645671875 0.5966386546875 0.0964566921875 0.563025209375 0.092519684375 0.544117646875 0.08267716562500001 0.544117646875 0.07185039374999999 0.5084033609375 0.06594488125 0.49579831875 0.07775590624999999 0.43067226875 0.098425196875 0.43487394999999995 0.1584645671875 0.4474789921875 0.1692913390625