1 0.6872427984375 0.4171483625 0.67283950625 0.4393063578125 0.683127571875 0.44990366093749995 0.70987654375 0.4393063578125 0.7160493828125001 0.44701348750000003 0.7242798359375 0.44219653125 0.71193415625 0.41907514375000005 0.6872427984375 0.4171483625
1 0.26748971250000003 0.4210019265625 0.3065843625 0.418111753125 0.3106995890625 0.4094412328125 0.298353909375 0.393063584375 0.269547325 0.3921001921875 0.26131687187499997 0.4171483625 0.26748971250000003 0.4210019265625
1 0.3518518515625 0.287090559375 0.32510288125 0.2851637765625 0.3045267484375 0.2919075140625 0.3045267484375 0.29961464375 0.32716049375 0.2909441234375 0.38271605000000003 0.2957610796875 0.3806584359375 0.289017340625 0.3600823046875 0.2842003859375 0.3518518515625 0.287090559375
1 0.269547325 0.263969171875 0.2242798359375 0.24662813125 0.21193415624999998 0.2485549140625 0.20781892968750001 0.258188825 0.1872427984375 0.26107899843750004 0.183127571875 0.2678227359375 0.2242798359375 0.2745664734375 0.240740740625 0.2687861265625 0.269547325 0.2678227359375 0.269547325 0.263969171875
12 0.2448559671875 0.23988439375 0.2448559671875 0.247591521875 0.2551440328125 0.25048169531250003 0.269547325 0.252408478125 0.2942386828125 0.24662813125 0.298353909375 0.24277456718749998 0.27777777812500004 0.21194605000000002 0.2530864203125 0.210982659375 0.21193415624999998 0.22447013437500002 0.20781892968750001 0.23410404687500003 0.22633744843749998 0.23988439375 0.2448559671875 0.23988439375
13 0.7633744859375 0.2437379578125 0.79012345625 0.23795761093749998 0.8230452671874999 0.24662813125 0.8395061734375 0.24662813125 0.874485596875 0.236030828125 0.8765432093750001 0.192678228125 0.8662551437499999 0.1608863203125 0.8230452671874999 0.1608863203125 0.8127572015625001 0.1570327546875 0.7633744859375 0.1608863203125 0.7448559671874999 0.20038535624999998 0.740740740625 0.236030828125 0.7633744859375 0.2437379578125
13 0.1399176953125 0.18882466250000002 0.1399176953125 0.2350674375 0.1934156375 0.2369942203125 0.2160493828125 0.2437379578125 0.220164609375 0.23025048125 0.23456790156250001 0.23025048125 0.2448559671875 0.22447013437500002 0.24897119375 0.20616570312500002 0.2654320984375 0.19364161875000002 0.2551440328125 0.1608863203125 0.2160493828125 0.15510597343750002 0.1872427984375 0.1570327546875 0.17695473281250002 0.1628131015625 0.152263375 0.1608863203125 0.1399176953125 0.18882466250000002
10 0.4362139921875 0.0799614640625 0.42592592656250006 0.0857418109375 0.4300411515625 0.1396917140625 0.44238683125 0.1570327546875 0.4362139921875 0.169556840625 0.5781893 0.171483621875 0.5925925921874999 0.1310211953125 0.586419753125 0.0799614640625 0.5452674890625 0.07899807343750001 0.528806584375 0.075144509375 0.5164609046875 0.06262042343749999 0.48559670781250003 0.0664739890625 0.48148148125 0.07610789999999999 0.46913580312500003 0.0799614640625 0.4362139921875 0.0799614640625
9 0.1584362140625 0.3786127171875 0.1275720171875 0.381502890625 0.1008230453125 0.3959537578125 0.0987654328125 0.4142581890625 0.10905349843750001 0.42678227343749997 0.152263375 0.44701348750000003 0.17901234531250002 0.4489402703125 0.199588478125 0.44026975 0.2366255140625 0.44219653125 0.2633744859375 0.42870905625000005 0.2572016453125 0.4132947984375 0.2654320984375 0.399807321875 0.2448559671875 0.381502890625 0.2160493828125 0.3747591515625 0.183127571875 0.37764932500000004 0.17695473281250002 0.36994219687499996 0.1584362140625 0.3786127171875
26 0.0452674890625 0.547206165625 0.032921810937500004 0.5491329484375 0.0144032921875 0.55973025 0.0123456796875 0.5828516375 0.0452674890625 0.5761079 0.06584362187500001 0.583815028125 0.067901234375 0.57129094375 0.0534979421875 0.5500963390625 0.0452674890625 0.547206165625
21 0.238683128125 0.600192678125 0.2860082296875 0.6030828515625 0.29012345625 0.6107899812500001 0.308641975 0.6107899812500001 0.33744855937499996 0.6040462421874999 0.35802469062500003 0.606936415625 0.3621399171875 0.60115606875 0.3621399171875 0.5924855484375 0.3518518515625 0.5867052015625001 0.2942386828125 0.5664739890625 0.240740740625 0.589595375 0.23456790156250001 0.593448940625 0.238683128125 0.600192678125
29 0.2530864203125 0.5529865125 0.22839506250000002 0.5452793828125 0.18106995937499998 0.5549132953125 0.1502057609375 0.5568400765625 0.1193415640625 0.5992292875 0.1296296296875 0.6252408484374999 0.144032921875 0.6319845859375001 0.162551440625 0.6319845859375001 0.17283950625 0.6387283234375001 0.18106995937499998 0.6348747593749999 0.201646090625 0.6377649328125 0.2654320984375 0.6319845859375001 0.2757201640625 0.6146435453125 0.28395061718750003 0.6146435453125 0.28806584375 0.6088631984374999 0.28395061718750003 0.6021194609375 0.2551440328125 0.5992292875 0.2530864203125 0.5529865125
29 0.8621399171874999 0.5568400765625 0.7633744859375 0.5558766859375 0.75102880625 0.581888246875 0.74897119375 0.5963391140625001 0.769547325 0.6040462421874999 0.7674897125 0.6136801546874999 0.75102880625 0.6223506750000001 0.759259259375 0.6319845859375001 0.779835390625 0.6329479765625 0.7839506171874999 0.6368015421875 0.7942386828125 0.6329479765625 0.8086419749999999 0.63391136875 0.8127572015625001 0.6377649328125 0.8765432093750001 0.6300578031249999 0.8786008234375 0.6194605015625 0.8950617281250001 0.6098265890625 0.8621399171874999 0.5568400765625
23 0.43415637812499996 0.71194605 0.49382716093749995 0.7177263968750001 0.5802469140625 0.710982659375 0.5905349796875 0.6560693640624999 0.5843621406249999 0.6213872828125 0.5226337453125 0.618497109375 0.510288065625 0.6146435453125 0.47942386875 0.62427745625 0.4588477359375 0.6204238921874999 0.432098765625 0.6213872828125 0.42592592656250006 0.628131021875 0.42386831249999996 0.6791907515625 0.43415637812499996 0.71194605