9 0.5173160171875 0.514170040625 0.5216450218750001 0.52834008125 0.54329004375 0.5445344125 0.5670995671875 0.5495951421874999 0.6038961031250001 0.5485829953125 0.6103896109375 0.5526315796875 0.640692640625 0.5485829953125 0.6428571421875 0.5445344125 0.625541125 0.533400809375 0.634199134375 0.52834008125 0.6493506499999999 0.52226720625 0.690476190625 0.52226720625 0.6926406921875 0.51923076875 0.6926406921875 0.5101214578125 0.6731601734375 0.49898785468750007 0.6666666671875 0.482793521875 0.6493506499999999 0.47469635625000006 0.5865800859375 0.47267206406250006 0.5173160171875 0.514170040625
12 0.759740259375 0.460526315625 0.759740259375 0.46862348125000003 0.7835497828125 0.47469635625000006 0.790043290625 0.4878542515625 0.8008658015625001 0.48684210468750005 0.8073593078125001 0.4706477734375 0.796536796875 0.4625506078125 0.796536796875 0.4493927125 0.7813852812500001 0.4453441296875 0.7640692640625 0.446356275 0.759740259375 0.460526315625
13 0.7272727265625 0.21761133593749998 0.7294372296875 0.2591093125 0.746753246875 0.2621457484375 0.8571428578125 0.261133603125 0.8636363640625 0.258097165625 0.8636363640625 0.2145748984375 0.846320346875 0.18117408906250002 0.7424242421875 0.18117408906250002 0.7272727265625 0.21761133593749998
13 0.147186146875 0.18117408906250002 0.09956709999999999 0.18117408906250002 0.0887445890625 0.2115384609375 0.0887445890625 0.2601214578125 0.127705628125 0.2712550609375 0.140692640625 0.2621457484375 0.2012987015625 0.2651821859375 0.22294372343750002 0.2601214578125 0.22294372343750002 0.2095141703125 0.20562770625 0.18117408906250002 0.153679653125 0.17712550625 0.147186146875 0.18117408906250002
10 0.47186147187499994 0.0748987859375 0.45021645 0.0799595140625 0.4372294375 0.0941295546875 0.3896103890625 0.09716599218750001 0.3852813859375 0.15182186250000002 0.40043290000000004 0.1923076921875 0.5519480515625 0.1923076921875 0.54329004375 0.18016194375 0.55627705625 0.16093117343750002 0.5606060609375 0.10222672031249999 0.5519480515625 0.09716599218750001 0.50649350625 0.09109311718749999 0.4870129875 0.0748987859375 0.47186147187499994 0.0748987859375
1 0.8203463203125001 0.517206478125 0.8398268390625001 0.517206478125 0.852813853125 0.5121457484375 0.852813853125 0.491902834375 0.8484848484375 0.4878542515625 0.822510821875 0.4908906875 0.8203463203125001 0.517206478125
1 0.709956709375 0.5151821859375 0.7251082249999999 0.52226720625 0.733766234375 0.52226720625 0.7294372296875 0.5131578953125 0.7424242421875 0.5070850203124999 0.740259740625 0.4908906875 0.7207792203125 0.48684210468750005 0.709956709375 0.4908906875 0.709956709375 0.5151821859375
1 0.6125541125 0.5040485828125 0.627705628125 0.5091093125 0.6385281390624999 0.5040485828125 0.6428571421875 0.491902834375 0.6428571421875 0.47773279375 0.634199134375 0.47672064843750006 0.6125541125 0.48380566875 0.6103896109375 0.4908906875 0.6125541125 0.5040485828125
1 0.8116883109374999 0.4706477734375 0.8051948046874999 0.48076923125000004 0.8831168828125 0.482793521875 0.8896103890625 0.485829959375 0.8917748921875001 0.47773279375 0.865800865625 0.45647773281250004 0.8376623375 0.4554655875 0.8354978359375 0.4655870453125 0.8116883109374999 0.4706477734375
1 0.7186147187499999 0.45850202500000004 0.7012987015625 0.48684210468750005 0.709956709375 0.4898785421875 0.7229437234375 0.48380566875 0.7619047625 0.48684210468750005 0.7857142859375 0.47773279375 0.7813852812500001 0.47267206406250006 0.7554112546875 0.4676113359375 0.7424242421875 0.45850202500000004 0.7186147187499999 0.45850202500000004
1 0.6948051953125 0.4706477734375 0.6883116890625 0.4706477734375 0.6861471859375 0.47165991875 0.6796536796875 0.47165991875 0.6731601734375 0.47469635625000006 0.6709956703125 0.47773279375 0.6709956703125 0.485829959375 0.6731601734375 0.4878542515625 0.6753246749999999 0.5 0.6861471859375 0.506072875 0.6948051953125 0.508097165625 0.6991341984375 0.5070850203124999 0.7012987015625 0.5040485828125 0.7012987015625 0.5 0.6991341984375 0.49898785468750007 0.70562770625 0.4908906875 0.709956709375 0.4898785421875 0.709956709375 0.48886639687500005 0.7186147187499999 0.4848178140625 0.7207792203125 0.4848178140625 0.7251082249999999 0.47874493906250004 0.7251082249999999 0.4757085015625 0.7207792203125 0.47469635625000006 0.7012987015625 0.4757085015625 0.6991341984375 0.47165991875 0.6948051953125 0.4706477734375
23 0.47402597343749997 0.6589068828125 0.39393939375000003 0.6639676109375 0.38744588750000003 0.7054655875 0.3982683984375 0.7591093125 0.45670995625 0.7651821859375 0.5519480515625 0.7601214578125 0.5627705625 0.7246963562500001 0.5606060609375 0.6700404859375 0.5519480515625 0.6649797578125 0.5 0.6639676109375 0.47402597343749997 0.6589068828125
26 0.6731601734375 0.6052631578125001 0.6645021640625 0.6356275296875 0.6796536796875 0.6497975703125001 0.690476190625 0.6447368421874999 0.7251082249999999 0.640688259375 0.7229437234375 0.61740890625 0.709956709375 0.6042510125 0.690476190625 0.6022267203125 0.6731601734375 0.6052631578125001
21 0.816017315625 0.5121457484375 0.816017315625 0.5040485828125 0.7987012984375 0.5020242921875 0.7813852812500001 0.5050607281249999 0.733766234375 0.5263157890625 0.733766234375 0.533400809375 0.740259740625 0.5384615390625 0.7619047625 0.533400809375 0.7770562765625 0.541497975 0.7727272734375 0.5546558703125 0.79437229375 0.555668015625 0.8484848484375 0.536437246875 0.8701298703125 0.5404858296875 0.872294371875 0.5232793515624999 0.8571428578125 0.514170040625 0.824675325 0.51619433125 0.816017315625 0.5121457484375
29 0.7077922078125 0.6457489875 0.709956709375 0.6578947375 0.7316017312499999 0.6761133609375001 0.7489177484375 0.67712550625 0.7640692640625 0.6842105265625 0.8116883109374999 0.6811740890625 0.822510821875 0.6862348171875 0.8419913421875 0.67712550625 0.8571428578125 0.6811740890625 0.859307359375 0.6872469640625 0.8679653671875001 0.6872469640625 0.8831168828125 0.640688259375 0.8571428578125 0.61740890625 0.85064935 0.5971659921875 0.746753246875 0.5941295546875 0.7294372296875 0.63259109375 0.7077922078125 0.6457489875
29 0.16233766249999998 0.590080971875 0.1450216453125 0.5971659921875 0.10173160156250001 0.5951417 0.0670995671875 0.6518218625000001 0.0865800859375 0.6589068828125 0.0865800859375 0.6740890687500001 0.1450216453125 0.6761133609375001 0.1515151515625 0.6811740890625 0.1731601734375 0.6761133609375001 0.183982684375 0.6811740890625 0.190476190625 0.6751012140625 0.2142857140625 0.6740890687500001 0.21861471875 0.659919028125 0.2012987015625 0.656882590625 0.2012987015625 0.6528340078125 0.22294372343750002 0.6417004046875 0.21861471875 0.62348178125 0.20562770625 0.5971659921875 0.17965367968749998 0.5981781374999999 0.16233766249999998 0.590080971875