12 0.7163865546875 0.1604330703125 0.6932773109375 0.16240157500000002 0.6743697484375 0.1870078734375 0.682773109375 0.207677165625 0.69957983125 0.210629921875 0.72689075625 0.2037401578125 0.7373949578125 0.2145669296875 0.7331932765625 0.19291338593750001 0.75 0.17814960625 0.75 0.1683070859375 0.7415966390625 0.1633858265625 0.724789915625 0.16535433125000001 0.7163865546875 0.1604330703125
13 0.840336134375 0.15944881875 0.8214285718750001 0.1525590546875 0.7563025203125 0.1555118109375 0.7415966390625 0.1938976375 0.7415966390625 0.2322834640625 0.79201680625 0.23523622031250002 0.8676470593750001 0.2332677171875 0.8697478984375 0.186023621875 0.8571428578125 0.1564960625 0.8466386546875 0.1555118109375 0.840336134375 0.15944881875
13 0.1953781515625 0.1525590546875 0.1281512609375 0.157480315625 0.117647059375 0.20964566874999999 0.1218487390625 0.2332677171875 0.20798319375 0.23523622031250002 0.247899159375 0.2322834640625 0.25 0.186023621875 0.2373949578125 0.15944881875 0.222689075 0.1555118109375 0.21008403437499998 0.1604330703125 0.1953781515625 0.1525590546875
10 0.4852941171875 0.0521653546875 0.472689075 0.066929134375 0.41176470624999995 0.07480315 0.40966386562499996 0.137795275 0.4201680671875 0.167322834375 0.5777310921875001 0.167322834375 0.567226890625 0.1633858265625 0.5609243703125 0.1525590546875 0.5756302515625 0.1240157484375 0.5777310921875001 0.0787401578125 0.56512605 0.0728346453125 0.525210084375 0.07086614218750001 0.5189075625 0.058070865625 0.4852941171875 0.0521653546875
9 0.80042016875 0.34055118125 0.789915965625 0.33562992187499996 0.7689075625 0.33562992187499996 0.722689075 0.351377953125 0.7184873953124999 0.382874015625 0.7352941171875 0.3937007875 0.771008403125 0.398622046875 0.771008403125 0.4055118109375 0.7815126046875001 0.40944881874999994 0.8025210078124999 0.40944881874999994 0.80042016875 0.39665354375 0.8319327734374999 0.3917322828125 0.8655462187499999 0.4025590546875 0.8928571421875 0.387795275 0.8949579828124999 0.3602362203125 0.863445378125 0.3415354328125 0.8319327734374999 0.33759842500000004 0.80042016875 0.34055118125
1 0.6701680671875 0.30905511875 0.6764705875 0.3208661421875 0.682773109375 0.313976378125 0.6974789921875 0.31299212656250003 0.7121848734375 0.3228346453125 0.7184873953124999 0.31988188906250004 0.722689075 0.311023621875 0.7121848734375 0.2933070859375 0.710084034375 0.29035433125 0.682773109375 0.292322834375 0.6701680671875 0.30905511875
1 0.342436975 0.3287401578125 0.317226890625 0.3366141734375 0.313025209375 0.3444881890625 0.3781512609375 0.3415354328125 0.39915966406250003 0.345472440625 0.3949579828125 0.33562992187499996 0.3613445375 0.316929134375 0.342436975 0.31988188906250004 0.342436975 0.3287401578125
21 0.70798319375 0.60925196875 0.640756303125 0.6348425203125 0.640756303125 0.6496062984375001 0.68067226875 0.651574803125 0.6785714281249999 0.657480315625 0.6932773109375 0.6643700781249999 0.7394957984375 0.667322834375 0.7373949578125 0.6417322828125 0.77310924375 0.6446850390625001 0.777310925 0.632874015625 0.7605042015625 0.625 0.72689075625 0.6190944875 0.70798319375 0.60925196875
29 0.7962184875 0.55314960625 0.7563025203125 0.5600393703125001 0.7436974796875 0.58464566875 0.722689075 0.5895669296875 0.7205882359375 0.6151574796875 0.7436974796875 0.6181102359375 0.747899159375 0.6240157484375 0.7668067234375 0.6269685046875 0.8025210078124999 0.6427165359375 0.8277310921875 0.6397637796875 0.8361344531249999 0.6427165359375 0.8655462187499999 0.6309055125 0.8487394953124999 0.6072834640625 0.8718487390625 0.601377953125 0.8697478984375 0.5856299218750001 0.8550420171875001 0.55905511875 0.8046218484375001 0.5600393703125001 0.7962184875 0.55314960625
29 0.186974790625 0.55314960625 0.163865546875 0.558070865625 0.13445378125000002 0.558070865625 0.117647059375 0.5836614171875001 0.10714285781249999 0.5866141734375 0.10504201718749999 0.6033464562499999 0.0966386546875 0.60925196875 0.0966386546875 0.6161417328125001 0.10924369687499999 0.6190944875 0.113445378125 0.62795275625 0.10714285781249999 0.645669290625 0.24579831875 0.6466535437500001 0.2626050421875 0.6427165359375 0.26890756250000003 0.5895669296875 0.2331932765625 0.55905511875 0.19957983125 0.55905511875 0.186974790625 0.55314960625
23 0.5084033609375 0.6230314953125 0.4873949578125 0.62204724375 0.41596638593749996 0.6269685046875 0.40756302499999997 0.662401575 0.4201680671875 0.7185039375 0.5189075625 0.7253937015624999 0.5294117640625 0.7194881890625 0.56932773125 0.7185039375 0.5798319328125 0.68405511875 0.5777310921875001 0.632874015625 0.5714285718750001 0.6269685046875 0.527310925 0.6289370078125 0.5084033609375 0.6230314953125