12 0.27799999999999997 0.21649484531250002 0.304 0.2230552953125 0.32 0.2202436734375 0.32799999999999996 0.200562325 0.31 0.177132146875 0.288 0.17525773125 0.27999999999999997 0.1799437671875 0.264 0.178069353125 0.256 0.1827553890625 0.256 0.1921274609375 0.272 0.2061855671875 0.268 0.2268041234375 0.27799999999999997 0.21649484531250002
13 0.264 0.2071227734375 0.25 0.170571696875 0.188 0.167760075 0.16999999999999998 0.174320525 0.16399999999999998 0.170571696875 0.154 0.171508903125 0.142 0.1996251171875 0.144 0.244611059375 0.21600000000000003 0.2464854734375 0.264 0.24367385156250002 0.264 0.2071227734375
13 0.8539999999999999 0.244611059375 0.858 0.2221180875 0.8480000000000001 0.1724461109375 0.784 0.167760075 0.77 0.17525773125 0.758 0.170571696875 0.744 0.174320525 0.732 0.1996251171875 0.734 0.24367385156250002 0.772 0.2464854734375 0.8539999999999999 0.244611059375
10 0.43 0.178069353125 0.42000000000000004 0.18181818125 0.5700000000000001 0.18181818125 0.58 0.15370196875 0.5780000000000001 0.0937207125 0.52 0.0862230546875 0.508 0.0721649484375 0.476 0.077788190625 0.47000000000000003 0.089971884375 0.43200000000000005 0.0918462984375 0.42000000000000004 0.09746954062499999 0.422 0.14058106875 0.43600000000000005 0.167760075 0.43 0.178069353125
9 0.20800000000000002 0.40018744218749996 0.20600000000000002 0.412371134375 0.22599999999999998 0.412371134375 0.236 0.40862230625 0.236 0.40206185625 0.27 0.3973758203125 0.286 0.38706654218750003 0.282 0.3570759140625 0.238 0.34208059999999996 0.21800000000000003 0.34208059999999996 0.20800000000000002 0.3467666359375 0.178 0.3439550140625 0.148 0.3477038421875 0.118 0.365510778125 0.12 0.3917525765625 0.146 0.405810684375 0.178 0.39550140625 0.20800000000000002 0.40018744218749996
1 0.306 0.32052483593750003 0.32 0.32146204375 0.32599999999999996 0.32802249375 0.33199999999999996 0.31677600781250004 0.32 0.3008434859375 0.294 0.298969071875 0.292 0.30178069375 0.282 0.31865042187500003 0.286 0.3270852859375 0.292 0.3298969078125 0.306 0.32052483593750003
1 0.6679999999999999 0.34301780625 0.644 0.33552015 0.644 0.3270852859375 0.626 0.3242736640625 0.5940000000000001 0.34208059999999996 0.5900000000000001 0.3514526703125 0.61 0.3477038421875 0.6719999999999999 0.3505154640625 0.6679999999999999 0.34301780625
21 0.31 0.655107778125 0.324 0.6485473296875 0.322 0.6429240859375 0.36 0.6410496718750001 0.36 0.626991565625 0.296 0.6026241796875 0.27799999999999997 0.6119962515624999 0.246 0.61761949375 0.22999999999999998 0.6251171515625 0.23399999999999999 0.6363636359375 0.268 0.6335520156250001 0.266 0.6579194 0.31 0.655107778125
29 0.174 0.634489221875 0.182 0.6316776 0.20600000000000002 0.634489221875 0.24 0.6194939078125 0.258 0.6166822875 0.262 0.61105904375 0.284 0.6082474234374999 0.282 0.5838800375 0.262 0.5791940015625 0.25 0.5557638234375 0.21200000000000002 0.5492033734375 0.20400000000000001 0.5557638234375 0.156 0.5548266171875 0.142 0.580131209375 0.13999999999999999 0.5951265234374999 0.162 0.600749765625 0.146 0.6232427359375 0.174 0.634489221875
29 0.8619999999999999 0.620431115625 0.866 0.6119962515624999 0.8779999999999999 0.6091846296875 0.8779999999999999 0.6026241796875 0.8699999999999999 0.5970009375 0.868 0.581068415625 0.858 0.5782567953125 0.842 0.553889409375 0.8140000000000001 0.553889409375 0.792 0.5492033734375 0.78 0.5548266171875 0.748 0.5548266171875 0.714 0.5838800375 0.72 0.634489221875 0.736 0.63823805 0.868 0.6373008437500001 0.8619999999999999 0.620431115625
23 0.476 0.7132146203125 0.5700000000000001 0.7066541703125 0.5820000000000001 0.6532333640625 0.5740000000000001 0.6194939078125 0.506 0.614807871875 0.48600000000000004 0.6157450796874999 0.46799999999999997 0.621368321875 0.426 0.6194939078125 0.42000000000000004 0.6251171515625 0.418 0.673851921875 0.42800000000000005 0.7066541703125 0.466 0.707591378125 0.476 0.7132146203125