8 0.40702479374999995 0.2640232109375 0.43388429687499996 0.2640232109375 0.4442148765625 0.2398452609375 0.43181818125 0.21856866562500002 0.40289256250000005 0.21760154687500002 0.38016528906249997 0.23500967187500002 0.38016528906249997 0.2398452609375 0.39876033125 0.24758220468749997 0.3925619828125 0.2707930375 0.40702479374999995 0.2640232109375
13 0.23347107500000003 0.24758220468749997 0.2582644625 0.241779496875 0.260330578125 0.20599613125 0.24380165312500002 0.16634429374999998 0.2086776859375 0.16827852968749998 0.1880165296875 0.163442940625 0.150826446875 0.16634429374999998 0.14256198281250002 0.170212765625 0.1301652890625 0.195357834375 0.1280991734375 0.2292069625 0.1363636359375 0.2437137328125 0.23347107500000003 0.24758220468749997
13 0.7582644625 0.24951644062499997 0.832644628125 0.2533849125 0.8698347109375 0.242746615625 0.8698347109375 0.195357834375 0.8595041328124999 0.16731141249999998 0.8161157031249999 0.16731141249999998 0.8037190078125 0.163442940625 0.7830578515625 0.1721470015625 0.768595040625 0.16634429374999998 0.7603305781249999 0.16731141249999998 0.7417355375 0.19439071562500002 0.7396694218750001 0.2408123796875 0.7582644625 0.24951644062499997
10 0.4607438015625 0.0860735015625 0.42975206562499996 0.0860735015625 0.42355371875000003 0.09187620937499999 0.421487603125 0.138297871875 0.42561983437500006 0.1518375234375 0.4359504125 0.15860734999999998 0.42768595 0.17794970937500001 0.570247934375 0.178916828125 0.586776859375 0.1411992265625 0.5805785125 0.0860735015625 0.5516528921875 0.0860735015625 0.5227272734375 0.0783365578125 0.516528925 0.0696324953125 0.4917355375 0.0686653765625 0.481404959375 0.07059961249999999 0.47727272656249997 0.0822050296875 0.4607438015625 0.0860735015625
24 0.42561983437500006 0.6295938109375 0.421487603125 0.6324951640625 0.417355371875 0.685686653125 0.42768595 0.7195357828125 0.4566115703125 0.7234042546875 0.46694214843750004 0.72147001875 0.4752066109375 0.726305609375 0.5227272734375 0.726305609375 0.5475206609375001 0.7205029015625 0.5743801656249999 0.7195357828125 0.586776859375 0.663442940625 0.57644628125 0.6295938109375 0.516528925 0.631528046875 0.4917355375 0.622823984375 0.46280991718750003 0.631528046875 0.42561983437500006 0.6295938109375
29 0.18181818125 0.5686653765624999 0.17355371875 0.5618955515625 0.1404958671875 0.5647969046875 0.1115702484375 0.6083172140625 0.1136363640625 0.6131528046875 0.12603305781250002 0.6083172140625 0.1528925625 0.6092843328125 0.150826446875 0.6208897484375 0.1363636359375 0.6295938109375 0.13842975156249998 0.639264990625 0.16528925625 0.646034815625 0.256198346875 0.6402321078125001 0.26239669375 0.62669245625 0.2809917359375 0.615087040625 0.247933884375 0.5647969046875 0.2252066109375 0.558994196875 0.18181818125 0.5686653765624999
29 0.743801653125 0.591876209375 0.7417355375 0.6073500968750001 0.764462809375 0.6092843328125 0.76239669375 0.6199226312499999 0.7458677687499999 0.6247582203125 0.7541322312500001 0.639264990625 0.8698347109375 0.639264990625 0.8780991734375 0.6199226312499999 0.8904958671875001 0.6189555125 0.8904958671875001 0.6121856859375 0.8574380171874999 0.5638297875 0.7995867765625 0.55609284375 0.7851239671875 0.5638297875 0.756198346875 0.5647969046875 0.743801653125 0.591876209375
18 0.582644628125 0.511605415625 0.578512396875 0.48549322968749997 0.58471074375 0.47582205 0.578512396875 0.47195357812500005 0.5557851234375 0.4661508703125 0.48760330625000003 0.4603481625 0.47314049531249996 0.4661508703125 0.47314049531249996 0.511605415625 0.5516528921875 0.5096711796875 0.57231405 0.5145067703125 0.582644628125 0.511605415625
20 0.1301652890625 0.40715667343749995 0.1404958671875 0.39748549375 0.15702479375 0.40038684687500004 0.16528925625 0.40715667343749995 0.1694214875 0.38588007812499997 0.19008264531250002 0.3713733078125 0.1859504125 0.3665377171875 0.14876033125000002 0.3423597671875 0.1404958671875 0.3423597671875 0.1301652890625 0.3520309484375 0.1095041328125 0.35783365625 0.12190082656250001 0.40715667343749995 0.1301652890625 0.40715667343749995
21 0.1880165296875 0.37330754375 0.17768595 0.37620889687500003 0.171487603125 0.38588007812499997 0.17355371875 0.3916827859375 0.2066115703125 0.3916827859375 0.231404959375 0.3742746609375 0.25206611562500003 0.37234042500000003 0.256198346875 0.36460348124999997 0.1942148765625 0.3384912953125 0.17975206562499998 0.3394584140625 0.17355371875 0.35009671249999996 0.1880165296875 0.3665377171875 0.1880165296875 0.37330754375
37 0.231404959375 0.44390715625 0.24173553750000001 0.44390715625 0.239669421875 0.4177949703125 0.22107437968750002 0.41489361718750006 0.1942148765625 0.41972920625 0.1983471078125 0.4303675046875 0.231404959375 0.44390715625
37 0.26652892499999997 0.4303675046875 0.2747933890625 0.40812379062500004 0.247933884375 0.4061895546875 0.24586776875 0.42166344218749996 0.26652892499999997 0.4303675046875