10 0.3402489625 0.47081712031249995 0.30912863125 0.49319066093749997 0.3070539421875 0.5009727625 0.3215767640625 0.5175097281250001 0.354771784375 0.5282101171875 0.41078838125 0.5282101171875 0.41908713750000004 0.5233463031250001 0.41078838125 0.5165369656250001 0.414937759375 0.5097276265625 0.4481327796875 0.498054475 0.46473029062500004 0.5 0.45020746875000006 0.479571984375 0.4522821578125 0.46595330781250005 0.4273858921875 0.45330739375 0.3734439828125 0.45525291875 0.3402489625 0.47081712031249995
9 0.3381742734375 0.47178988281249995 0.30912863125 0.49319066093749997 0.3070539421875 0.5 0.3215767640625 0.5175097281250001 0.35269709531250004 0.5282101171875 0.41078838125 0.5282101171875 0.41908713750000004 0.5233463031250001 0.41078838125 0.5165369656250001 0.414937759375 0.5097276265625 0.4481327796875 0.498054475 0.46473029062500004 0.5 0.45020746875000006 0.480544746875 0.4522821578125 0.46595330781250005 0.4273858921875 0.45330739375 0.3734439828125 0.45525291875 0.3381742734375 0.47178988281249995
1 0.20954356875000002 0.475680934375 0.23029045625000003 0.476653696875 0.22821576718749997 0.45525291875 0.20954356875000002 0.44941634218750004 0.19294605781250002 0.45330739375 0.19294605781250002 0.46206225625 0.20954356875000002 0.475680934375
1 0.19087136875 0.44747081718750004 0.205394190625 0.44649805468750003 0.2074688796875 0.42509727656249996 0.1970954359375 0.421206225 0.180497925 0.42217898906249995 0.1825726140625 0.44357976718750003 0.19087136875 0.44747081718750004
1 0.275933609375 0.44649805468750003 0.2863070546875 0.441634240625 0.2883817421875 0.42509727656249996 0.2821576765625 0.421206225 0.26141078906250004 0.421206225 0.25933609999999996 0.440661478125 0.275933609375 0.44649805468750003
12 0.18672199218750002 0.4192607 0.1970954359375 0.4124513625 0.23029045625000003 0.4163424125 0.244813278125 0.40953307343749995 0.2531120328125 0.400778209375 0.226141078125 0.35116731562500003 0.2012448125 0.35311284062500004 0.19087136875 0.37159533125 0.165975103125 0.38424124531250003 0.163900415625 0.3900778203125 0.174273859375 0.39396887187499996 0.18672199218750002 0.4192607
13 0.226141078125 0.24610895 0.2531120328125 0.2431906609375 0.2572614109375 0.20136186718750002 0.244813278125 0.184824903125 0.244813278125 0.16828793749999998 0.1970954359375 0.16536964999999998 0.13900415 0.1692607 0.1410788375 0.1799610890625 0.1265560171875 0.1955252921875 0.12863070468749999 0.2412451359375 0.226141078125 0.24610895
13 0.7427385890625 0.2412451359375 0.7593361 0.2451361875 0.8464730296875 0.2470817125 0.865145228125 0.2431906609375 0.8713692953125 0.2373540859375 0.8713692953125 0.19941634218749998 0.8589211625000001 0.16634241249999998 0.825726140625 0.16634241249999998 0.7987551875000001 0.1605058359375 0.784232365625 0.16634241249999998 0.7531120328124999 0.1692607 0.7406639 0.1955252921875 0.7427385890625 0.2412451359375
10 0.4336099578125 0.16293774375 0.4273858921875 0.17607003906250002 0.4522821578125 0.17898832656250002 0.5684647296875001 0.17801556406250002 0.5829875515625 0.14785992187500002 0.5809128625 0.086575875 0.5373443984375 0.0856031125 0.5207468875 0.07295719843750001 0.48962655625 0.0680933859375 0.4730290453125 0.08365758749999999 0.4232365140625 0.086575875 0.41908713750000004 0.13521400781249998 0.4336099578125 0.16293774375
29 0.19294605781250002 0.561284046875 0.1410788375 0.5700389109375 0.1078838171875 0.6079766531249999 0.10995850625 0.62451361875 0.12863070468749999 0.6391050578125 0.165975103125 0.6498054468750001 0.174273859375 0.6439688718750001 0.19087136875 0.6498054468750001 0.2074688796875 0.6420233468750001 0.2385892109375 0.6439688718750001 0.255186721875 0.6410505843750001 0.25933609999999996 0.62645914375 0.275933609375 0.62159533125 0.275933609375 0.6128404671875 0.244813278125 0.566147859375 0.19294605781250002 0.561284046875
29 0.8589211625000001 0.566147859375 0.8195020749999999 0.565175096875 0.7925311203125001 0.5690661484375 0.7821576765625 0.564202334375 0.7572614109375 0.562256809375 0.7531120328124999 0.565175096875 0.7385892109375 0.6040856031249999 0.7199170125000001 0.6099221796875 0.724066390625 0.62548638125 0.7427385890625 0.6391050578125 0.75103734375 0.6429961093750001 0.7717842328125 0.6420233468750001 0.7780082984375001 0.6488326843750001 0.79045643125 0.6429961093750001 0.8070539421875 0.6498054468750001 0.8371369296875001 0.6429961093750001 0.8692946062500001 0.6420233468750001 0.8775933609375001 0.62451361875 0.8900414937500001 0.6177042796875 0.8589211625000001 0.566147859375
23 0.4128630703125 0.6712062249999999 0.4232365140625 0.7208171203125 0.45643153593749997 0.7227626453125 0.47510373437500003 0.7295719843749999 0.514522821875 0.7295719843749999 0.5331950203125 0.7247081718749999 0.5705394187499999 0.7227626453125 0.5829875515625 0.6682879374999999 0.5767634859374999 0.6322957203125 0.49170124531250003 0.62743190625 0.4585062234375 0.6322957203125 0.4232365140625 0.6313229578125 0.4170124484375 0.6352140078125 0.4128630703125 0.6712062249999999
18 0.585062240625 0.5505836578125 0.5767634859374999 0.5359922171875 0.5829875515625 0.5184824906250001 0.5580912859375 0.5107003890625 0.5207468875 0.5077821015625 0.493775934375 0.5009727625 0.47717842343749994 0.5048638125 0.46887966875 0.5194552531250001 0.47095435625000004 0.5564202328125 0.578838175 0.5564202328125 0.585062240625 0.5505836578125
21 0.2012448125 0.45233462968750004 0.19294605781250002 0.45719844375 0.199170125 0.47373540781249995 0.184647303125 0.478599221875 0.1721991703125 0.4970817125 0.18879668125 0.498054475 0.20954356875000002 0.5068093390625 0.2199170125 0.5204280156250001 0.25933609999999996 0.5136186765625 0.2634854765625 0.5058365765625 0.2863070546875 0.498054475 0.304979253125 0.4970817125 0.3029045640625 0.483463034375 0.26970954375 0.46984435781249995 0.275933609375 0.45428015625 0.2012448125 0.45233462968750004
26 0.0207468875 0.5943579765625 0.0518672203125 0.5680933859375 0.056016596875000005 0.5544747078125 0.0228215765625 0.5535019453125 0.014522821875 0.566147859375 0.0124481328125 0.5914396890625 0.0207468875 0.5943579765625