13 0.248953975 0.250493096875 0.2677824265625 0.24654832343750002 0.26987447656249997 0.20315581875 0.25523012500000003 0.16765285937500002 0.2364016734375 0.1706114390625 0.19874477031249999 0.156804734375 0.150627615625 0.1715976328125 0.148535565625 0.18836291875 0.1380753140625 0.196252465625 0.1359832640625 0.24063116406249999 0.1422594140625 0.2475345171875 0.248953975 0.250493096875
13 0.8912133890625 0.24654832343750002 0.8933054390624999 0.20216962500000002 0.8786610874999999 0.168639053125 0.8263598328124999 0.169625246875 0.80962343125 0.16272189374999999 0.776150628125 0.1715976328125 0.7615062765625 0.196252465625 0.7594142265625 0.24161735625 0.7656903765624999 0.2475345171875 0.8744769874999999 0.250493096875 0.8912133890625 0.24654832343750002
10 0.49581590000000003 0.07199211093749999 0.49163179843749993 0.08185404375000001 0.47907949843750003 0.0857988171875 0.4456066953125 0.0857988171875 0.43514644375 0.0917159765625 0.43305439375 0.1400394484375 0.4476987453125 0.1656804734375 0.44351464375000005 0.1785009859375 0.468619246875 0.183431953125 0.587866109375 0.1804733734375 0.589958159375 0.16272189374999999 0.6025104609375 0.14792899375 0.598326359375 0.087771203125 0.5857740578125 0.0848126234375 0.5523012546875 0.086785009375 0.537656903125 0.08185404375000001 0.535564853125 0.07199211093749999 0.525104603125 0.0700197234375 0.49581590000000003 0.07199211093749999
12 0.5108326359375 0.28248027656249997 0.516742678125 0.2865098625 0.520027196875 0.28991913281250004 0.523311715625 0.2868195265625 0.5219979078125 0.2798451671875 0.5423598328125 0.27922583749999996 0.5558242671875 0.2727169625 0.571587865625 0.27023767187500003 0.5709309625000001 0.265742603125 0.5630502093749999 0.2654329390625 0.54860041875 0.26744773125 0.528895396875 0.26837771250000003 0.519041840625 0.26806804687499997 0.5147740578125 0.265742603125 0.513788703125 0.25195069062500003 0.5052489546875 0.2494704140625 0.4812740578125 0.248540434375 0.46583891250000004 0.2511755421875 0.46124058593750006 0.2538096640625 0.4618974890625 0.26636291875 0.452702928125 0.2707021703125 0.44744769843750004 0.2761262328125 0.446133890625 0.2809299796875 0.44941840937500005 0.28449506874999997 0.429638075 0.2861193296875 0.42938493749999995 0.2925532546875 0.4458054390625 0.2906942796875 0.4500753140625 0.2937929 0.45598744843750005 0.29332840312499997 0.4586150625 0.2872840234375 0.46978033437500005 0.28248027656249997 0.47634937187500004 0.28108579843750003 0.47963179843750003 0.2767465484375 0.48554393281249997 0.274266271875 0.4937552296875 0.2747317546875 0.5032782421875 0.2767465484375 0.5032782421875 0.27922583749999996 0.5032782421875 0.2807751484375 0.5108326359375 0.28248027656249997
30 0.2677824265625 0.3224852078125 0.2928870296875 0.3136094671875 0.2928870296875 0.28402366875 0.278242678125 0.29980276093749997 0.24476987499999997 0.289940828125 0.2301255234375 0.289940828125 0.1966527203125 0.304733728125 0.19456066875 0.331360946875 0.215481171875 0.3422090734375 0.2594142265625 0.3471400390625 0.2677824265625 0.3224852078125
19 0.1443514640625 0.41321499062499994 0.11087866093750001 0.4102564109375 0.1066945609375 0.41420118281249996 0.1087866109375 0.4289940828125 0.09623430937500001 0.45463510781250005 0.1255230125 0.4477317546875 0.150627615625 0.4497041421875 0.158995815625 0.4349112421875 0.1443514640625 0.41321499062499994
28 0.12761506250000001 0.363905325 0.1066945609375 0.37179487187500004 0.11715481093749999 0.3915187375 0.1443514640625 0.3964497046875 0.163179915625 0.40532544374999996 0.18828451875000002 0.4072978296875 0.19456066875 0.41321499062499994 0.2071129703125 0.4102564109375 0.21966527187499998 0.3875739640625 0.24476987499999997 0.37771203125 0.24267782499999999 0.3668639046875 0.223849371875 0.3629191328125 0.2071129703125 0.3658777125 0.1757322171875 0.36094674531250004 0.156903765625 0.36489151875000003 0.12761506250000001 0.363905325
15 0.31799163125 0.41814595624999995 0.282426778125 0.4063116375 0.2656903765625 0.41420118281249996 0.257322175 0.42603550312499994 0.2615062765625 0.43589743593749997 0.28033472812500004 0.4477317546875 0.30753138125 0.452662721875 0.32635983281250003 0.438856015625 0.31799163125 0.41814595624999995
29 0.1380753140625 0.5897435890625 0.11715481093749999 0.6203155812500001 0.11924686250000001 0.63510848125 0.1380753140625 0.6499013812500001 0.1673640171875 0.653846153125 0.1757322171875 0.6587771203125 0.18619246875 0.653846153125 0.20502092031250002 0.6587771203125 0.22175732187500002 0.6528599609375 0.2677824265625 0.6528599609375 0.2928870296875 0.627218934375 0.257322175 0.5749506906249999 0.2092050203125 0.5670611437499999 0.152719665625 0.5749506906249999 0.1380753140625 0.5897435890625
29 0.9121338906249999 0.6242603546875001 0.9016736406250001 0.6203155812500001 0.8849372390625 0.5966469421875 0.8807531375 0.575936884375 0.8326359828125 0.56903353125 0.8305439328125 0.5719921109375 0.774058578125 0.5769230765625 0.7719665265625 0.588757396875 0.7405857734375 0.6203155812500001 0.742677825 0.636094675 0.7594142265625 0.642011834375 0.7677824265625001 0.653846153125 0.7907949796875 0.653846153125 0.7991631796875 0.6597633140625 0.8200836812500001 0.655818540625 0.8305439328125 0.66074950625 0.845188284375 0.6528599609375 0.8577405859375 0.6518737671875 0.8661087859375 0.656804734375 0.8912133890625 0.6528599609375 0.9121338906249999 0.6242603546875001
24 0.43933054374999997 0.642998028125 0.43305439375 0.6508875734374999 0.43096234375 0.70315581875 0.44142259375000004 0.7347140046875 0.49163179843749993 0.74161735625 0.535564853125 0.74161735625 0.5460251046875 0.736686390625 0.587866109375 0.7347140046875 0.600418409375 0.69033530625 0.594142259375 0.642998028125 0.5543933046875 0.642011834375 0.537656903125 0.6459566078125001 0.5 0.6370808671875 0.4769874484375 0.6459566078125001 0.468619246875 0.642011834375 0.43933054374999997 0.642998028125
17 0.80543933125 0.3086785015625 0.81799163125 0.3333333328125 0.80962343125 0.3481262328125 0.8242677828125 0.358974359375 0.81799163125 0.378698225 0.8472803343749999 0.37573964531250004 0.851464434375 0.37968441875000003 0.8807531375 0.346153846875 0.8744769874999999 0.33431952656249997 0.8807531375 0.3086785015625 0.8619246859375 0.297830375 0.845188284375 0.2948717953125 0.80962343125 0.304733728125 0.80543933125 0.3086785015625