13 0.24248927031249998 0.11267605624999999 0.19742489218749998 0.107645875 0.1866952796875 0.11267605624999999 0.1416309015625 0.110663984375 0.1330472109375 0.114688128125 0.12017167343749999 0.1458752515625 0.12231759687499999 0.1901408453125 0.24892703906250002 0.1921529171875 0.25536480625 0.1488933609375 0.24248927031249998 0.11267605624999999
13 0.8776824031249999 0.11267605624999999 0.806866953125 0.107645875 0.7682403437499999 0.11569416562499998 0.75536480625 0.1438631796875 0.7575107296875 0.1901408453125 0.7982832625 0.193158953125 0.88626609375 0.19114688124999998 0.8884120171875001 0.1428571421875 0.8776824031249999 0.11267605624999999
10 0.46351931406249997 0.027162978124999997 0.42918455 0.02917505 0.4206008578125 0.03420523125 0.42274678125 0.081488934375 0.43776824062499997 0.11267605624999999 0.42703862656249997 0.1237424546875 0.5665236046875 0.1267605640625 0.5815450640625001 0.1237424546875 0.5944206015625 0.08350100625 0.5901287546875 0.02917505 0.5407725328125 0.027162978124999997 0.5257510734374999 0.0110663984375 0.5 0.0090543265625 0.48927038593749994 0.0110663984375 0.4871244640625 0.019114687499999998 0.46351931406249997 0.027162978124999997
12 0.23390557968749998 0.38229376249999997 0.23390557968749998 0.37323943593750003 0.24248927031249998 0.3712273640625 0.24248927031249998 0.360160965625 0.2210300421875 0.3199195171875 0.19742489218749998 0.31891348124999996 0.193133046875 0.33802816875 0.17381974218750001 0.3370221328125 0.152360515625 0.350100603125 0.17381974218750001 0.3883299796875 0.223175965625 0.3883299796875 0.23390557968749998 0.38229376249999997
1 0.13090128750000002 0.424547284375 0.12446351874999999 0.4406438625 0.13733905625 0.4476861171875 0.1502145921875 0.4476861171875 0.16738197500000002 0.43661971875 0.16094420625 0.424547284375 0.15450643749999998 0.421529175 0.13090128750000002 0.424547284375
1 0.4442060078125 0.414486921875 0.401287553125 0.414486921875 0.39484978593750003 0.418511065625 0.39484978593750003 0.4426559359375 0.4163090125 0.4476861171875 0.4442060078125 0.414486921875
1 0.4334763953125 0.39738430625 0.4334763953125 0.4084507046875 0.424892703125 0.414486921875 0.4442060078125 0.42253521093749996 0.46137339062500005 0.4114688125 0.46566523593750003 0.399396378125 0.4570815453125 0.39436619687499996 0.4334763953125 0.39738430625
9 0.3583690984375 0.46277665937499995 0.40987124531249997 0.46076458750000004 0.4334763953125 0.421529175 0.4334763953125 0.3953722328125 0.4420600859375 0.39134808906249996 0.42274678125 0.384305834375 0.37339055781249997 0.38732394375 0.3497854078125 0.39436619687499996 0.3047210296875 0.42555332031250004 0.306866953125 0.4416499 0.3283261796875 0.4567404421875 0.3583690984375 0.46277665937499995
23 0.5815450640625001 0.6871227359375001 0.592274678125 0.63179074375 0.5836909875 0.5945674046875 0.53004291875 0.5955734406250001 0.5193133046875 0.5895372234375 0.42703862656249997 0.59356136875 0.4206008578125 0.6207243453125 0.41845493593749994 0.6488933609374999 0.43133047187500007 0.6861167 0.48068669531249997 0.693158953125 0.5815450640625001 0.6871227359375001
26 0.3133047203125 0.5674044265625 0.3111587984375 0.542253521875 0.30257510781249997 0.5331991953124999 0.2725321890625 0.532193159375 0.26824034375 0.536217303125 0.2575107296875 0.5482897390625 0.2575107296875 0.5704225359375 0.2811158796875 0.5734406437499999 0.306866953125 0.5694164984375 0.3133047203125 0.5674044265625
18 0.5 0.492957746875 0.515021459375 0.4889336015625 0.5429184546875 0.4939637828125 0.5879828328125 0.492957746875 0.5944206015625 0.48591549218749996 0.592274678125 0.4547283703125 0.5815450640625001 0.44969818906250003 0.49785407656249997 0.4356136828125 0.47639485 0.448692153125 0.47639485 0.48591549218749996 0.48497854062499995 0.4899396375 0.5 0.492957746875
21 0.12017167343749999 0.49195171093749995 0.11802575156249999 0.512072434375 0.1437768234375 0.5070422531250001 0.15665236093749998 0.5070422531250001 0.1587982828125 0.5110663984375 0.1781115875 0.503018109375 0.19742489218749998 0.503018109375 0.2103004296875 0.5080482890625 0.2274678109375 0.50503018125 0.24034334687499997 0.5090543265624999 0.253218884375 0.5080482890625 0.25536480625 0.5040241453125 0.253218884375 0.49496981875 0.1866952796875 0.4688128765625 0.12017167343749999 0.49195171093749995
29 0.832618025 0.52414486875 0.8197424890624999 0.51509054375 0.7746781109375 0.52414486875 0.7660944203125 0.52917505 0.7660944203125 0.5392354125 0.7360515015625 0.5553319921875 0.7339055796875 0.59356136875 0.7489270390625 0.615694165625 0.7725321890625 0.61267605625 0.800429184375 0.6237424546875 0.8175965671875 0.6136820921874999 0.8497854078125 0.6187122734375 0.8712446359375001 0.6116700203125001 0.8948497859375 0.6136820921874999 0.9120171671874999 0.578470825 0.8948497859375 0.5663983906250001 0.901287553125 0.5523138828125 0.8948497859375 0.5523138828125 0.8755364812499999 0.52414486875 0.832618025 0.52414486875
29 0.25536480625 0.590543259375 0.276824034375 0.578470825 0.25536480625 0.5638833 0.23390557968749998 0.5331991953124999 0.2360515015625 0.5261569421875001 0.2274678109375 0.5251509046875 0.19098712499999998 0.5472837015625001 0.16738197500000002 0.541247484375 0.1502145921875 0.5231388328125 0.1351931328125 0.52414486875 0.12875536406250002 0.52917505 0.12875536406250002 0.5452716296875 0.115879828125 0.561368209375 0.1072961375 0.5623742453125 0.1115879828125 0.5674044265625 0.10085836875000001 0.5704225359375 0.1051502140625 0.5875251515625 0.12017167343749999 0.5875251515625 0.12875536406250002 0.6016096578125001 0.15450643749999998 0.6036217296874999 0.1587982828125 0.6096579484375 0.1888412015625 0.6096579484375 0.20171673750000002 0.6036217296874999 0.253218884375 0.6036217296874999 0.25536480625 0.590543259375