1 0.4057377046875 0.24329501874999998 0.3729508203125 0.25957854375 0.368852459375 0.2701149421875 0.39959016406250003 0.2634099609375 0.4200819671875 0.2634099609375 0.450819671875 0.2701149421875 0.450819671875 0.2624521078125 0.4282786890625 0.2557471265625 0.422131146875 0.24425287343750002 0.4057377046875 0.24329501874999998
1 0.6680327875 0.226053640625 0.653688525 0.23371647499999998 0.6577868859375 0.24329501874999998 0.6864754093750001 0.2375478921875 0.6926229515625 0.245210728125 0.7008196718749999 0.245210728125 0.7069672125 0.23659003906249998 0.69467213125 0.226053640625 0.6967213109375 0.21934865937499998 0.69467213125 0.2164750953125 0.6700819671875 0.2164750953125 0.6680327875 0.226053640625
12 0.7356557375 0.13984674375 0.743852459375 0.1417624515625 0.7684426234374999 0.14080459843749998 0.7684426234374999 0.136015325 0.741803278125 0.12931034531250002 0.7336065578125 0.131226053125 0.7356557375 0.13984674375
12 0.6823770484375 0.1532567046875 0.6864754093750001 0.1714559390625 0.6987704921875 0.177203065625 0.75 0.1657088125 0.7540983609375 0.15900383125 0.7540983609375 0.15517241406249999 0.7254098359375 0.14367816093750002 0.721311475 0.1321839078125 0.70901639375 0.1302682 0.6926229515625 0.135057471875 0.6823770484375 0.1532567046875
13 0.8032786890624999 0.15517241406249999 0.7930327875 0.15517241406249999 0.7540983609375 0.1618773953125 0.741803278125 0.1954022984375 0.7459016390625 0.23467432968750002 0.868852459375 0.23371647499999998 0.8709016390625001 0.1925287359375 0.8606557374999999 0.180076628125 0.8586065578125 0.1618773953125 0.8504098359375 0.1580459765625 0.8094262296875 0.1599616859375 0.8032786890624999 0.15517241406249999
13 0.2131147546875 0.15517241406249999 0.188524590625 0.1599616859375 0.145491803125 0.160919540625 0.1352459015625 0.1982758625 0.1393442625 0.23467432968750002 0.22745901562499998 0.23659003906249998 0.26229508125 0.23371647499999998 0.2643442625 0.189655171875 0.2520491796875 0.1628352484375 0.2459016390625 0.15900383125 0.22336065624999998 0.1599616859375 0.2131147546875 0.15517241406249999
10 0.5143442625 0.06226053593749999 0.48770491875 0.063218390625 0.47745901562500004 0.07758620625 0.422131146875 0.0804597703125 0.41803278749999995 0.1321839078125 0.43032786874999995 0.151340996875 0.43032786874999995 0.170498084375 0.577868853125 0.170498084375 0.5676229515625 0.15613026875 0.5819672125 0.1302682 0.58401639375 0.0852490421875 0.577868853125 0.08141762500000001 0.522540984375 0.07471264375 0.5245901640625 0.0660919546875 0.5143442625 0.06226053593749999
37 0.256147540625 0.618773946875 0.2540983609375 0.6245210734375 0.28073770468750003 0.647509578125 0.3012295078125 0.636015325 0.31147540937499996 0.636015325 0.3012295078125 0.6245210734375 0.28688524531250004 0.618773946875 0.2643442625 0.62356321875 0.256147540625 0.618773946875
37 0.6967213109375 0.6321839078125 0.715163934375 0.6369731796875 0.721311475 0.644636015625 0.7315573765625001 0.631226053125 0.7479508203125 0.6254789265625 0.7254098359375 0.6168582375 0.7110655734375 0.6178160921875 0.7069672125 0.6293103453125 0.6967213109375 0.6321839078125
29 0.756147540625 0.5517241375 0.75 0.5708812265625001 0.73770491875 0.5823754796875 0.75 0.5852490421875001 0.756147540625 0.5948275859375001 0.7397540984375001 0.5996168578125001 0.7254098359375 0.595785440625 0.721311475 0.5996168578125001 0.7336065578125 0.6082375484375 0.729508196875 0.613984675 0.784836065625 0.6302682 0.7889344265625 0.636015325 0.875 0.63984674375 0.8893442625000001 0.6044061296875001 0.881147540625 0.581417625 0.8606557374999999 0.5651341000000001 0.8545081968750001 0.5517241375 0.756147540625 0.5517241375
29 0.22745901562499998 0.5478927203125 0.2069672125 0.5545977015625 0.1495901640625 0.5526819921875 0.1147540984375 0.602490421875 0.125 0.61015325625 0.125 0.636015325 0.131147540625 0.6388888890625 0.14754098437500002 0.635057471875 0.1762295078125 0.63984674375 0.188524590625 0.636015325 0.2131147546875 0.637931034375 0.2459016390625 0.6331417625 0.256147540625 0.618773946875 0.28073770468750003 0.614942528125 0.28073770468750003 0.5785440609375 0.26229508125 0.57758620625 0.2520491796875 0.553639846875 0.22745901562499998 0.5478927203125
23 0.41803278749999995 0.6503831421874999 0.4323770484375 0.70785440625 0.4836065578125 0.712643678125 0.522540984375 0.7116858234375 0.5368852453125 0.7068965515625 0.54098360625 0.6944444437499999 0.5573770484375 0.6848658999999999 0.5819672125 0.6810344828125 0.5819672125 0.6197318 0.5143442625 0.613984675 0.42622950781249996 0.6168582375 0.41803278749999995 0.6503831421874999
26 0.5450819671875 0.7021072796875 0.5676229515625 0.72413793125 0.6209016390625 0.6925287359375 0.618852459375 0.686781609375 0.602459015625 0.6829501921875 0.5512295078125 0.6848658999999999 0.5450819671875 0.7021072796875