23 0.509375 0.6671875 0.1703125 0.10078125
29 0.81484375 0.5953125 0.165625 0.0890625
13 0.8125 0.20390625 0.12890625 0.08125
29 0.20625 0.5953125 0.165625 0.0890625
1 0.69375 0.23828125 0.05546875 0.03125
12 0.72421875 0.153125 0.06796875 0.06015625
1 0.415625 0.26640625 0.053125 0.02890625
28 0.8954918031249999 0.537356321875 0.9057377046875 0.548850575 0.868852459375 0.5593869734375 0.8790983609374999 0.595785440625 0.8995901640625 0.59770115 0.91598360625 0.60727969375 0.9610655734375 0.563218390625 0.9118852453124999 0.548850575 0.8954918031249999 0.537356321875
0 1 0.2914431671875 0.97336065625 0.280651340625 0.9487704921875 0.2768199234375 0.8893442625000001 0.2768199234375 0.840163934375 0.2931034484375 0.83401639375 0.30842911875 0.9057377046875 0.35440612968749996 0.9344262296875 0.355363984375 0.9508196718749999 0.3505747125 1 0.31490289374999997 1 0.2914431671875
9 0.70901639375 0.35727969375 0.721311475 0.348659003125 0.70901639375 0.3093869734375 0.69467213125 0.31130268125 0.6844262296875 0.3189655171875 0.6844262296875 0.342911878125 0.70901639375 0.35727969375
9 0.756147540625 0.368773946875 0.756147540625 0.3582375484375 0.7336065578125 0.3563218390625 0.729508196875 0.3659003828125 0.756147540625 0.368773946875
9 0.8217213109375001 0.32567049843749996 0.8278688531249999 0.34099616875 0.8217213109375001 0.35727969375 0.8360655734375 0.3678160921875 0.8565573765625001 0.3515325671875 0.8545081968750001 0.33045977031249996 0.83401639375 0.3141762453125 0.8217213109375001 0.32567049843749996
11 0.43032786874999995 0.136015325 0.44467213125000005 0.15708812187500001 0.436475409375 0.17528735625 0.577868853125 0.1762452109375 0.5942622953125001 0.135057471875 0.590163934375 0.0871647515625 0.5614754093750001 0.0842911875 0.5327868859375 0.0708812265625 0.522540984375 0.059386973437500004 0.4959016390625 0.059386973437500004 0.450819671875 0.0842911875 0.438524590625 0.0852490421875 0.4323770484375 0.09386973125 0.43032786874999995 0.136015325