12 0.70967741875 0.17452830156250002 0.6875 0.17641509375 0.6693548390624999 0.2 0.6774193546875 0.2198113203125 0.6935483875 0.222641509375 0.7197580640625 0.2160377359375 0.729838709375 0.22641509375000002 0.7258064515625 0.20566037812500002 0.741935484375 0.191509434375 0.741935484375 0.182075471875 0.7338709671875 0.177358490625 0.7177419359375 0.17924528281250002 0.70967741875 0.17452830156250002
13 0.8286290328125 0.17358490625 0.8104838703125001 0.1669811328125 0.7479838703125 0.16981132031249999 0.7338709671875 0.2066037734375 0.7338709671875 0.24339622656249998 0.7822580640625 0.24622641562499997 0.854838709375 0.24433962187499997 0.8568548390625 0.199056603125 0.8447580640625001 0.1707547171875 0.8346774187499999 0.16981132031249999 0.8286290328125 0.17358490625
13 0.20967741874999998 0.1669811328125 0.145161290625 0.1716981125 0.1350806453125 0.22169811250000002 0.139112903125 0.24433962187499997 0.22177419375000001 0.24622641562499997 0.2600806453125 0.24339622656249998 0.26209677343750004 0.199056603125 0.25 0.17358490625 0.23588709687499998 0.16981132031249999 0.223790321875 0.17452830156250002 0.20967741874999998 0.1669811328125
10 0.48790322656249996 0.07075471718750001 0.47580645156249995 0.0849056609375 0.41733870937499995 0.0924528296875 0.41532258125 0.1528301890625 0.42540322656249996 0.181132075 0.576612903125 0.181132075 0.5665322578125 0.177358490625 0.5604838703125 0.1669811328125 0.5745967734375 0.1396226421875 0.576612903125 0.09622641562499999 0.5645161296875 0.0905660375 0.5262096781250001 0.0886792453125 0.520161290625 0.07641509375 0.48790322656249996 0.07075471718750001
9 0.79032258125 0.3471698109375 0.7802419359375 0.3424528296875 0.7600806453125 0.3424528296875 0.71572580625 0.3575471703125 0.7116935484375 0.38773584843750003 0.72782258125 0.3981132078125 0.7620967734375 0.4028301890625 0.7620967734375 0.40943396249999997 0.77217741875 0.413207546875 0.792338709375 0.413207546875 0.79032258125 0.40094339687499997 0.820564515625 0.396226415625 0.8528225812500001 0.4066037734375 0.8790322578125 0.3924528296875 0.8810483874999999 0.3660377359375 0.8508064515625 0.3481132078125 0.820564515625 0.344339621875 0.79032258125 0.3471698109375
1 0.66532258125 0.3169811328125 0.6713709671875 0.3283018875 0.6774193546875 0.3216981125 0.6915322578125 0.3207547171875 0.7056451609375001 0.3301886796875 0.7116935484375 0.327358490625 0.71572580625 0.318867925 0.7056451609375001 0.30188679218750003 0.7036290328125 0.29905660312500004 0.6774193546875 0.300943396875 0.66532258125 0.3169811328125
1 0.3508064515625 0.33584905625 0.326612903125 0.3433962265625 0.3225806453125 0.350943396875 0.3850806453125 0.3481132078125 0.4052419359375 0.3518867921875 0.401209678125 0.3424528296875 0.36895161249999997 0.3245283015625 0.3508064515625 0.327358490625 0.3508064515625 0.33584905625
21 0.701612903125 0.60471698125 0.6370967734375 0.6292452828124999 0.6370967734375 0.6433962265625001 0.6754032265625 0.64528301875 0.673387096875 0.650943396875 0.6875 0.6575471703125 0.7318548390624999 0.6603773578125 0.729838709375 0.63584905625 0.764112903125 0.6386792453125001 0.7681451609375001 0.627358490625 0.7520161296875 0.6198113203125 0.7197580640625 0.61415094375 0.701612903125 0.60471698125
29 0.7862903218749999 0.5509433968749999 0.7479838703125 0.5575471703125 0.735887096875 0.581132075 0.71572580625 0.58584905625 0.7137096781250001 0.6103773578125 0.735887096875 0.613207546875 0.7399193546875 0.618867925 0.758064515625 0.6216981125000001 0.792338709375 0.636792453125 0.8165322578125 0.6339622640625 0.8245967734375 0.636792453125 0.8528225812500001 0.6254716984375001 0.8366935484375 0.6028301890625001 0.8588709671875 0.5971698109375 0.8568548390625 0.582075471875 0.8427419359374999 0.5566037734375 0.7943548390624999 0.5575471703125 0.7862903218749999 0.5509433968749999
29 0.20161290312500002 0.5509433968749999 0.179435484375 0.555660378125 0.151209678125 0.555660378125 0.1350806453125 0.5801886796875 0.125 0.5830188671875 0.1229838703125 0.599056603125 0.1149193546875 0.60471698125 0.1149193546875 0.6113207546874999 0.1270161296875 0.61415094375 0.1310483875 0.622641509375 0.125 0.6396226421875 0.258064515625 0.6405660375 0.2741935484375 0.636792453125 0.2802419359375 0.58584905625 0.2459677421875 0.5566037734375 0.213709678125 0.5566037734375 0.20161290312500002 0.5509433968749999
23 0.5100806453125 0.617924528125 0.4899193546875 0.6169811328125 0.4213709671875 0.6216981125000001 0.41330645156249995 0.655660378125 0.42540322656249996 0.7094339625 0.520161290625 0.7160377359375001 0.5302419359375 0.7103773578125 0.5685483875 0.7094339625 0.5786290328125 0.67641509375 0.576612903125 0.627358490625 0.570564515625 0.6216981125000001 0.52822580625 0.62358490625 0.5100806453125 0.617924528125