9 0.7177419359375 0.43396226406249994 0.6895161296875 0.4603773578125 0.6935483875 0.4745283015625 0.72177419375 0.47358490625 0.7540322578125 0.505660378125 0.8266129031249999 0.5028301890625 0.84072580625 0.482075471875 0.838709678125 0.46981132031249995 0.804435484375 0.4386792453125 0.770161290625 0.432075471875 0.7177419359375 0.43396226406249994
12 0.5745967734375 0.3886792453125 0.5745967734375 0.396226415625 0.5887096781250001 0.408490565625 0.5786290328125 0.43396226406249994 0.6129032265625 0.45471698125 0.645161290625 0.4481132078125 0.6491935484375 0.43773584843749996 0.639112903125 0.42924528281249996 0.64717741875 0.403773584375 0.66532258125 0.40094339687499997 0.66532258125 0.3886792453125 0.5927419359375 0.39150943437499997 0.58467741875 0.38584905625 0.5745967734375 0.3886792453125
1 0.5100806453125 0.43490566093750005 0.5302419359375 0.431132075 0.5302419359375 0.4122641515625 0.5060483875 0.4150943390625 0.5020161296875 0.431132075 0.5100806453125 0.43490566093750005
1 0.5 0.4122641515625 0.52822580625 0.41037735781249995 0.5262096781250001 0.3905660375 0.5 0.39150943437499997 0.49395161249999997 0.40754717031250004 0.5 0.4122641515625
13 0.24193548437499998 0.177358490625 0.2177419359375 0.1707547171875 0.1975806453125 0.17452830156250002 0.1552419359375 0.17358490625 0.14314516093750002 0.2113207546875 0.145161290625 0.24622641562499997 0.16532258125 0.25 0.26814516093749996 0.24622641562499997 0.270161290625 0.2018867921875 0.258064515625 0.1886792453125 0.25604838750000003 0.17452830156250002 0.24193548437499998 0.177358490625
13 0.7560483875 0.172641509375 0.7399193546875 0.203773584375 0.741935484375 0.24622641562499997 0.764112903125 0.2566037734375 0.848790321875 0.2518867921875 0.866935484375 0.24622641562499997 0.8689516125000001 0.208490565625 0.8528225812500001 0.17358490625 0.8004032265625 0.168867925 0.7560483875 0.172641509375
10 0.5040322578125 0.072641509375 0.47782258125 0.0801886796875 0.4677419359375 0.0924528296875 0.42540322656249996 0.09622641562499999 0.423387096875 0.1575471703125 0.4415322578125 0.18584905625 0.570564515625 0.1830188671875 0.5685483875 0.16509433906249998 0.5806451609375001 0.15471698125 0.5866935484375 0.10094339687500001 0.5745967734375 0.09339622656249999 0.52822580625 0.0877358484375 0.514112903125 0.0745283015625 0.5040322578125 0.072641509375
27 0.8608870968750001 0.5830188671875 0.8850806453125 0.6018867921875 0.8891129031249999 0.617924528125 0.917338709375 0.6122641515625 0.9354838703125001 0.594339621875 0.9314516125000001 0.581132075 0.911290321875 0.5698113203124999 0.8588709671875 0.5716981125 0.8608870968750001 0.5830188671875
21 0.320564515625 0.42358490625 0.326612903125 0.432075471875 0.3588709671875 0.4386792453125 0.3649193546875 0.446226415625 0.360887096875 0.4594339625 0.375 0.46415094375 0.40322580625000004 0.45660377343749997 0.40322580625000004 0.431132075 0.3770161296875 0.4028301890625 0.366935484375 0.4028301890625 0.320564515625 0.42358490625
18 0.5322580640625 0.555660378125 0.5383064515625 0.5669811328125001 0.5302419359375 0.5830188671875 0.5362903218749999 0.5896226421875 0.542338709375 0.5924528296875 0.6370967734375 0.5933962265625 0.6411290328125 0.55471698125 0.6068548390624999 0.5405660375 0.54032258125 0.5509433968749999 0.5322580640625 0.555660378125
29 0.1713709671875 0.558490565625 0.1552419359375 0.5613207546875 0.125 0.61415094375 0.139112903125 0.6216981125000001 0.145161290625 0.6349056609375 0.16935483906249998 0.636792453125 0.1774193546875 0.644339621875 0.1854838703125 0.64528301875 0.195564515625 0.6386792453125001 0.23387096718749997 0.6424528296875 0.2439516125 0.63584905625 0.264112903125 0.6377358484375 0.2661290328125 0.641509434375 0.27822580625 0.6386792453125001 0.29032258125 0.600943396875 0.2600806453125 0.572641509375 0.2600806453125 0.563207546875 0.213709678125 0.5528301890625 0.1975806453125 0.5603773578125 0.1713709671875 0.558490565625
29 0.8266129031249999 0.553773584375 0.7862903218749999 0.5518867921874999 0.7540322578125 0.5603773578125 0.7399193546875 0.6028301890625001 0.72177419375 0.6094339625 0.741935484375 0.6339622640625 0.7943548390624999 0.63584905625 0.804435484375 0.6405660375 0.8104838703125001 0.63584905625 0.820564515625 0.63584905625 0.8266129031249999 0.641509434375 0.84072580625 0.6339622640625 0.8608870968750001 0.6330188671875 0.8649193546875 0.62358490625 0.848790321875 0.617924528125 0.84677419375 0.6103773578125 0.8629032265625 0.6 0.8629032265625 0.591509434375 0.848790321875 0.57641509375 0.848790321875 0.5660377359375001 0.8266129031249999 0.553773584375
24 0.5 0.6216981125000001 0.43145161249999997 0.62358490625 0.423387096875 0.6603773578125 0.43145161249999997 0.708490565625 0.4395161296875 0.71415094375 0.49395161249999997 0.718867925 0.52822580625 0.718867925 0.5443548390624999 0.7150943390625 0.5685483875 0.7169811328125 0.5786290328125 0.708490565625 0.5887096781250001 0.6698113203125 0.58467741875 0.6292452828124999 0.5806451609375001 0.6245283015624999 0.5120967734375 0.6169811328125 0.5 0.6216981125000001