23 0.521875 0.659375 0.175 0.103125
13 0.2109375 0.18046875 0.13515625 0.0828125
12 0.24453125 0.2828125 0.084375 0.053125
29 0.834375 0.584375 0.17109375 0.08984375
29 0.20859375 0.584375 0.16484375 0.08984375
11 0.51796875 0.09296875 0.17109375 0.1203125
1 0.2109375 0.371875 0.03828125 0.02265625
0 0.160337553125 0.3804347828125 0.118143459375 0.3824110671875 0.0843881859375 0.3972332015625 0.0801687765625 0.4179841890625 0.1202531640625 0.44960474375 0.17299578124999998 0.451581028125 0.1751054859375 0.4416996046875 0.1940928265625 0.429841896875 0.217299578125 0.4249011859375 0.2194092828125 0.4011857703125 0.20886075937499998 0.3972332015625 0.17088607656250002 0.39822134375 0.160337553125 0.3804347828125
9 0.265822784375 0.4031620546875 0.22151898750000001 0.4011857703125 0.21308016875 0.46245059218750006 0.2194092828125 0.46640316249999997 0.24261603437499998 0.4713438734375 0.2679324890625 0.46936758906250003 0.2637130796875 0.459486165625 0.2848101265625 0.446640315625 0.2974683546875 0.4505928859375 0.3143459921875 0.44071146250000004 0.31645569687499997 0.4179841890625 0.308016878125 0.4081027671875 0.2890295359375 0.40019762812500004 0.265822784375 0.4031620546875
19 0.0675105484375 0.5326086953125 0.069620253125 0.5247035578125 0.056962025000000006 0.5158102765625 0.0063291140625 0.5158102765625 0.004219409375 0.5345849796875 0.0168776375 0.5464426875 0.012658228125 0.5513833984375001 0.0421940921875 0.5602766796875 0.0464135015625 0.5671936765625001 0.0632911390625 0.566205534375 0.061181434374999996 0.5503952562500001 0.094936709375 0.5415019765625 0.11181434531250001 0.531620553125 0.0970464140625 0.52964426875 0.078059071875 0.5365612640624999 0.0675105484375 0.5326086953125
28 0.1540084390625 0.45553359687499995 0.1286919828125 0.4525691703125 0.094936709375 0.4713438734375 0.1054852328125 0.4782608703125 0.126582278125 0.4822134390625 0.147679325 0.49703557343749993 0.17932489375 0.4990118578125 0.183544303125 0.5029644265625001 0.2151898734375 0.5 0.234177215625 0.48715415 0.27004219375 0.4752964421875 0.27004219375 0.47035573125 0.2405063296875 0.47924901249999996 0.20886075937499998 0.4782608703125 0.18776371249999999 0.4584980234375 0.17299578124999998 0.4584980234375 0.168776371875 0.46245059218750006 0.1540084390625 0.45553359687499995