23 0.51328125 0.659375 0.1734375 0.1015625
13 0.8265625 0.184375 0.12578125 0.07890625
12 0.73828125 0.18984375 0.0796875 0.05078125
29 0.2046875 0.58515625 0.171875 0.08984375
1 0.36328125 0.35 0.08125 0.0234375
29 0.8234375 0.575 0.16953125 0.1078125
0 0.921875 0.32421875 0.13984375 0.0890625
1 0.725 0.32265625 0.0484375 0.02734375
1 0.6515625 0.20078125 0.03984375 0.0296875
10 0.51796875 0.0984375 0.16953125 0.1171875
28 0.8974895390625001 0.5596868890625 0.9456066953125 0.519569471875 0.9205020921875 0.5097847359375 0.905857740625 0.5088062625 0.8891213390624999 0.489236790625 0.8912133890625 0.5107632093750001 0.8744769874999999 0.5078277890625 0.8284518828125 0.5107632093750001 0.8033472796875 0.50391389375 0.8075313812499999 0.5420743640625 0.8807531375 0.5528375734375001 0.8974895390625001 0.5596868890625
9 0.80543933125 0.32778865 0.784518828125 0.3268101765625 0.778242678125 0.32289628125 0.742677825 0.3248532296875 0.721757321875 0.33170254374999997 0.7029288703125001 0.34735812187500004 0.7008368203125 0.36692759218750004 0.7196652718750001 0.3845401171875 0.725941421875 0.38747553749999997 0.7343096234375001 0.381604696875 0.776150628125 0.3953033265625 0.8138075312499999 0.3806262234375 0.8347280328125001 0.37964775 0.845188284375 0.38747553749999997 0.8744769874999999 0.368884540625 0.8765690375 0.351272015625 0.8682008375000001 0.34050880625 0.843096234375 0.3268101765625 0.8242677828125 0.3238747546875 0.80543933125 0.32778865
1 0.8138075312499999 0.1604696671875 0.788702928125 0.1624266140625 0.7907949796875 0.17808219218750002 0.7970711296874999 0.182974559375 0.81171548125 0.182974559375 0.8138075312499999 0.1604696671875