23 0.509375 0.66796875 0.1703125 0.10078125
13 0.81015625 0.20546875 0.1328125 0.08359375
29 0.81015625 0.5984375 0.16171875 0.08203125
29 0.20625 0.59609375 0.165625 0.08828125
1 0.8515625 0.38203125 0.05546875 0.0296875
1 0.728125 0.38046875 0.0390625 0.03046875
12 0.78046875 0.35546875 0.0859375 0.0515625
0 0.83401639375 0.4961685828125 0.8709016390625001 0.501915709375 0.875 0.49808429062500004 0.8893442625000001 0.5 0.9241803281250001 0.47222222187499996 0.9282786890624999 0.455938696875 0.9139344265625 0.439655171875 0.8975409843750001 0.4319923375 0.8442622953125 0.4291187734375 0.8319672125 0.4406130265625 0.7930327875 0.44827586249999996 0.7950819671875 0.4712643671875 0.83401639375 0.4961685828125
9 0.7069672125 0.48371647500000003 0.7172131140625 0.495210728125 0.727459015625 0.4990421453125 0.7520491796875 0.49329501875000004 0.76229508125 0.501915709375 0.7540983609375 0.514367815625 0.7807377046874999 0.518199234375 0.7827868859375 0.5028735625 0.8053278687500001 0.48275862031249994 0.784836065625 0.45785440624999996 0.7889344265625 0.4473180078125 0.7397540984375001 0.44827586249999996 0.70901639375 0.46455938750000003 0.7069672125 0.48371647500000003
19 1 0.5590676890624999 0.9959016390625001 0.5545977015625 1 0.540229884375 0.9815573765625001 0.5249042140625 0.9508196718749999 0.5354406125 0.9262295078125 0.5526819921875 0.903688525 0.5498084296875 0.90163934375 0.553639846875 0.9118852453124999 0.55842911875 0.95901639375 0.5689655171875 0.9692622953125 0.581417625 0.9795081968750001 0.5804597703125001 1 0.5630442359375001 1 0.5590676890624999
11 0.528688525 0.0718390796875 0.5327868859375 0.0670498078125 0.51229508125 0.063218390625 0.436475409375 0.08620689687500001 0.4282786890625 0.09099616875 0.43032786874999995 0.136015325 0.44467213125000005 0.1666666671875 0.4344262296875 0.177203065625 0.577868853125 0.177203065625 0.5655737703125 0.1714559390625 0.5635245906249999 0.15517241406249999 0.55532786875 0.154214559375 0.54098360625 0.1369731796875 0.5676229515625 0.131226053125 0.5922131140625 0.1331417625 0.590163934375 0.0881226046875 0.5512295078125 0.0842911875 0.528688525 0.0718390796875
14 0.6065573765625001 0.135057471875 0.5450819671875 0.1082375484375 0.5307377046874999 0.1130268203125 0.5307377046874999 0.135057471875 0.5676229515625 0.173371646875 0.5860655734375 0.17528735625 0.6086065578125 0.1714559390625 0.618852459375 0.15900383125 0.6065573765625001 0.135057471875
28 0.8319672125 0.50670498125 0.8360655734375 0.5124521078125001 0.8155737703125 0.5201149421875 0.7950819671875 0.5201149421875 0.7991803281250001 0.5249042140625 0.8524590156249999 0.523946359375 0.8790983609374999 0.5287356328125 0.9344262296875 0.4846743296875 0.9323770484375 0.47222222187499996 0.9241803281250001 0.4712643671875 0.9077868859375 0.48371647500000003 0.8565573765625001 0.5009578546875 0.846311475 0.5 0.8319672125 0.50670498125