23 0.50078125 0.66171875 0.1671875 0.09921875
29 0.20234375 0.590625 0.16328125 0.08515625
13 0.20390625 0.20390625 0.12890625 0.0828125
29 0.79921875 0.590625 0.16328125 0.08671875
32 0.1734375 0.47890625 0.125 0.06015625
8 0.09296875 0.34140625 0.06875 0.046875
9 0.25078125 0.37109375 0.16328125 0.06875
25 0.258064515625 0.48584905625 0.21572580624999999 0.48584905625 0.20161290312500002 0.4924528296875 0.1975806453125 0.496226415625 0.2056451609375 0.49716981093749996 0.21572580624999999 0.5089622640625 0.213709678125 0.52358490625 0.23387096718749997 0.5349056609375 0.2540322578125 0.53584905625 0.27822580625 0.5292452828124999 0.2822580640625 0.517924528125 0.2963709671875 0.5075471703125001 0.29435483906250004 0.49339622656250004 0.28629032187500003 0.4924528296875 0.27217741875 0.5 0.258064515625 0.48584905625
28 0.0161290328125 0.418867925 0.0020161296875000003 0.436792453125 0.0040322578125000005 0.4481132078125 0.0604838703125 0.4650943390625 0.0745967734375 0.477358490625 0.0866935484375 0.4745283015625 0.1149193546875 0.45283018906250005 0.1350806453125 0.449056603125 0.1350806453125 0.4405660375 0.11693548437500001 0.427358490625 0.1088709671875 0.4066037734375 0.0161290328125 0.418867925
6 0.15927419375000001 0.34056603750000003 0.125 0.3566037734375 0.125 0.37358490624999996 0.151209678125 0.39716981093750003 0.16532258125 0.3933962265625 0.15927419375000001 0.3849056609375 0.1633064515625 0.3650943390625 0.19959677343749999 0.33584905625 0.1895161296875 0.3254716984375 0.1713709671875 0.327358490625 0.1572580640625 0.3245283015625 0.15927419375000001 0.34056603750000003
11 0.5120967734375 0.0622641515625 0.5 0.0622641515625 0.47782258125 0.0660377359375 0.47782258125 0.0745283015625 0.4536290328125 0.086792453125 0.423387096875 0.0896226421875 0.41733870937499995 0.136792453125 0.43145161249999997 0.1783018875 0.4536290328125 0.1754716984375 0.4677419359375 0.1783018875 0.5745967734375 0.1783018875 0.570564515625 0.1566037734375 0.5806451609375001 0.13584905625000002 0.582661290625 0.094339621875 0.5725806453125 0.0886792453125 0.5564516125 0.0877358484375 0.5181451609375001 0.06981132031250001 0.5120967734375 0.0622641515625