23 0.49921875 0.6625 0.165625 0.09765625
13 0.79765625 0.2078125 0.1203125 0.07578125
12 0.7140625 0.2125 0.07578125 0.0484375
29 0.20390625 0.59140625 0.1640625 0.0859375
1 0.3546875 0.36640625 0.078125 0.02265625
29 0.7953125 0.58203125 0.16171875 0.103125
0 0.8890625 0.34140625 0.134375 0.08515625
1 0.70078125 0.33984375 0.04609375 0.0265625
1 0.63125 0.2234375 0.03828125 0.028125
10 0.503125 0.12578125 0.16171875 0.1125
28 0.9119999999999999 0.5285848171875001 0.8880000000000001 0.5192127453125 0.874 0.5182755390625 0.858 0.499531396875 0.86 0.520149953125 0.844 0.5173383312500001 0.8 0.520149953125 0.776 0.513589503125 0.78 0.55014058125 0.85 0.560449859375 0.866 0.567010309375 0.9119999999999999 0.5285848171875001
9 0.71 0.3964386125 0.75 0.4095595125 0.786 0.39550140625 0.806 0.3945641984375 0.8160000000000001 0.40206185625 0.844 0.38425492031249997 0.8460000000000001 0.3673851921875 0.8380000000000001 0.3570759140625 0.8140000000000001 0.3439550140625 0.796 0.3411433921875 0.778 0.344892221875 0.758 0.3439550140625 0.752 0.34020618593749996 0.718 0.34208059999999996 0.6980000000000001 0.34864105 0.6799999999999999 0.3636363640625 0.678 0.38238050625 0.696 0.399250234375 0.702 0.40206185625 0.71 0.3964386125
1 0.786 0.184629803125 0.762 0.18650421718750002 0.764 0.20149953125 0.77 0.2061855671875 0.784 0.2061855671875 0.786 0.184629803125