1 0.5717299578125 0.4634387359375 0.5886075953125001 0.45750988125000003 0.5886075953125001 0.4377470359375 0.561181434375 0.43873517812499996 0.556962025 0.46245059218750006 0.5717299578125 0.4634387359375
1 0.6582278484375 0.3636363640625 0.7046413499999999 0.3715415015625 0.717299578125 0.3656126484375 0.7405063296875001 0.36462450625 0.7362869203125 0.357707509375 0.7109704640625 0.3478260875 0.6940928265624999 0.3468379453125 0.6582278484375 0.3636363640625
1 0.7784810125 0.35177865625 0.799578059375 0.3468379453125 0.7974683546875 0.3270750984375 0.7721518984375 0.3270750984375 0.7679324890625 0.3438735171875 0.7784810125 0.35177865625
9 0.7320675109375 0.3913043484375 0.725738396875 0.3992094859375 0.7299578062500001 0.41403162031249996 0.717299578125 0.42391304375 0.7025316453125 0.42391304375 0.7025316453125 0.42885375468750003 0.708860759375 0.433794465625 0.738396625 0.43181818125 0.7510548515625 0.4377470359375 0.7510548515625 0.4486166015625 0.7405063296875001 0.45454545468749996 0.7784810125 0.46146244999999997 0.822784809375 0.442687746875 0.831223628125 0.41106719375 0.822784809375 0.39031620624999996 0.78691983125 0.3804347828125 0.757383965625 0.379446640625 0.7320675109375 0.3913043484375
12 0.7489451484375 0.2322134390625 0.725738396875 0.2618577078125 0.7320675109375 0.277667984375 0.742616034375 0.28359683750000003 0.782700421875 0.281620553125 0.7932489453125 0.2875494078125 0.8059071734375 0.2598814234375 0.8164556968750001 0.2569169953125 0.8143459921874999 0.24604743125 0.7932489453125 0.2361660078125 0.7679324890625 0.231225296875 0.7489451484375 0.2322134390625
12 0.7721518984375 0.22628458437500001 0.7721518984375 0.21936758906249998 0.7489451484375 0.218379446875 0.7489451484375 0.22826087031250003 0.7721518984375 0.22628458437500001
13 0.11603375468749999 0.1709486171875 0.1202531640625 0.2084980234375 0.18565400781250002 0.21047430781249998 0.24683544375 0.2065217390625 0.24894514843749999 0.15909090937499998 0.23206751093750003 0.146245059375 0.23628692031249998 0.13438735156249998 0.18776371249999999 0.12845849843749998 0.126582278125 0.131422925 0.11603375468749999 0.1709486171875
13 0.8206751062500001 0.1264822140625 0.808016878125 0.1264822140625 0.75316455625 0.131422925 0.7405063296875001 0.166996046875 0.742616034375 0.20750988124999997 0.8691983125 0.2084980234375 0.8713080171875 0.1600790515625 0.8586497890624999 0.131422925 0.8291139234375 0.131422925 0.8206751062500001 0.1264822140625
10 0.4852320671875 0.031620553125 0.438116034375 0.047430829687499995 0.4113924046875 0.0494071140625 0.40717299531249995 0.1027667984375 0.4198312234375 0.1235177859375 0.4198312234375 0.142292490625 0.578059071875 0.1432806328125 0.561181434375 0.131422925 0.5759493671875 0.10079051406249999 0.578059071875 0.0543478265625 0.569620253125 0.0494071140625 0.5105485234375 0.0454545453125 0.5 0.0306324109375 0.4852320671875 0.031620553125
18 0.4198312234375 0.4841897234375 0.4092827 0.489130434375 0.4156118140625 0.50889328125 0.4092827 0.5227272734375 0.4198312234375 0.5276679843750001 0.521097046875 0.5276679843750001 0.5274261609375 0.5227272734375 0.5168776375 0.5098814234375 0.5168776375 0.494071146875 0.52531645625 0.4822134390625 0.5189873421875 0.4743083 0.504219409375 0.4713438734375 0.4198312234375 0.4841897234375
26 0.9535864984375 0.570158103125 0.9831223625 0.5563241109375 0.9810126578125 0.531620553125 0.9282700421875001 0.5158102765625 0.9092827 0.5217391296875 0.9535864984375 0.570158103125
21 0.6835443031249999 0.5306324109375 0.6835443031249999 0.548418971875 0.7067510546875 0.5454545453125 0.7194092828125 0.5533596843749999 0.74683544375 0.5533596843749999 0.7974683546875 0.5306324109375 0.7805907171875 0.5247035578125 0.7763713078125 0.5177865609375 0.757383965625 0.50889328125 0.742616034375 0.50889328125 0.6835443031249999 0.5306324109375
29 0.8059071734375 0.5286561265625 0.75316455625 0.5375494078124999 0.75316455625 0.5523715421875 0.7447257390625001 0.5622529640625 0.734177215625 0.56324110625 0.7405063296875001 0.5731225296875 0.7194092828125 0.5859683796875 0.7194092828125 0.592885375 0.7299578062500001 0.594861659375 0.742616034375 0.6136363640625 0.78691983125 0.6136363640625 0.80379746875 0.605731225 0.82700421875 0.6106719375 0.8375527421875001 0.6195652171875 0.8459915609375 0.612648221875 0.864978903125 0.6116600796875 0.864978903125 0.6007905140625 0.890295359375 0.595849803125 0.8924050640625 0.580039525 0.8839662453124999 0.580039525 0.86075949375 0.5395256921875 0.856540084375 0.5365612640624999 0.8333333328125001 0.5375494078124999 0.8059071734375 0.5286561265625
29 0.11603375468749999 0.5711462453125 0.11392405000000001 0.6106719375 0.1202531640625 0.61462450625 0.1540084390625 0.612648221875 0.18565400781250002 0.6156126484375 0.2067510546875 0.60968379375 0.22151898750000001 0.61462450625 0.24261603437499998 0.6116600796875 0.2405063296875 0.6027667984375 0.2236286921875 0.5938735171875 0.22573839687500002 0.58102766875 0.24683544375 0.57608695625 0.23628692031249998 0.5395256921875 0.22995780625 0.5365612640624999 0.1286919828125 0.5365612640624999 0.11603375468749999 0.5711462453125
23 0.5232067515625001 0.6067193671875 0.49367088593749997 0.5988142296875 0.46835442968749996 0.6067193671875 0.45147679375000005 0.6027667984375 0.4156118140625 0.603754940625 0.4092827 0.6393280625 0.4198312234375 0.6956521734375001 0.5189873421875 0.701581028125 0.5232067515625001 0.6976284578125 0.569620253125 0.69466403125 0.5801687765625 0.6600790515625 0.5759493671875 0.6067193671875 0.5717299578125 0.603754940625 0.5379746828124999 0.603754940625 0.5232067515625001 0.6067193671875