8 0.5589430890625 0.269523809375 0.585365853125 0.269523809375 0.5995934953125001 0.2761904765625 0.593495934375 0.2533333328125 0.6117886171875 0.24571428593750003 0.6117886171875 0.24095238125 0.58943089375 0.2238095234375 0.560975609375 0.2247619046875 0.5487804875 0.24571428593750003 0.5589430890625 0.269523809375
13 0.8008130078125 0.170476190625 0.7804878046875 0.1752380953125 0.745934959375 0.17333333281250002 0.729674796875 0.212380953125 0.7317073171875 0.247619046875 0.7560975609375 0.2533333328125 0.8516260156250001 0.249523809375 0.8597560968750001 0.2352380953125 0.8577235765625 0.20190476249999997 0.8455284546874999 0.1771428578125 0.8373983734375001 0.17333333281250002 0.8008130078125 0.170476190625
13 0.2154471546875 0.17904761875 0.1951219515625 0.170476190625 0.18292682968750001 0.17428571406249999 0.14024390312499999 0.17428571406249999 0.1300813015625 0.20190476249999997 0.1300813015625 0.248571428125 0.1666666671875 0.25904761875000004 0.23983739843750002 0.2552380953125 0.25813008125 0.24666666718750002 0.25609756093749997 0.20095238124999998 0.237804878125 0.17428571406249999 0.229674796875 0.17333333281250002 0.2154471546875 0.17904761875
10 0.5162601625 0.090476190625 0.5121951218749999 0.07904761875 0.5020325203125 0.0771428578125 0.4776422765625 0.0780952375 0.471544715625 0.0866666671875 0.44308943125000005 0.0942857140625 0.414634146875 0.0942857140625 0.4085365859375 0.148571428125 0.4247967484375 0.1857142859375 0.56504065 0.1847619046875 0.55691056875 0.16571428593749998 0.5670731703125 0.15904761875 0.5711382109375001 0.1457142859375 0.569105690625 0.1 0.5630081296875 0.0942857140625 0.532520325 0.0942857140625 0.5162601625 0.090476190625
24 0.5020325203125 0.6228571421875 0.4776422765625 0.631428571875 0.4186991875 0.629523809375 0.4085365859375 0.6628571421875 0.4207317078125 0.7180952375 0.44715447187499996 0.71904761875 0.471544715625 0.7247619046875 0.5182926828125 0.7247619046875 0.5264227640625 0.72 0.5365853656249999 0.7219047625 0.56504065 0.7180952375 0.5752032515625001 0.6847619046875 0.5711382109375001 0.632380953125 0.5670731703125 0.629523809375 0.5304878046875 0.631428571875 0.5020325203125 0.6228571421875
29 0.7642276421875 0.5599999999999999 0.74186991875 0.5657142859375 0.7093495937500001 0.6152380953125001 0.7276422765625 0.6266666671875 0.7337398375 0.64 0.82317073125 0.6457142859375 0.8495934953125 0.63904761875 0.8516260156250001 0.629523809375 0.8373983734375001 0.62095238125 0.835365853125 0.609523809375 0.8617886171875 0.608571428125 0.8739837390625 0.6133333328125 0.8760162609375 0.608571428125 0.847560975 0.5657142859375 0.81504065 0.5628571421874999 0.80691056875 0.5695238093749999 0.7642276421875 0.5599999999999999
29 0.1991869921875 0.5571428578125001 0.1422764234375 0.5647619046875 0.10975609687500001 0.612380953125 0.10975609687500001 0.61904761875 0.12195121874999999 0.62 0.1300813015625 0.63904761875 0.24390243906250003 0.63904761875 0.2520325203125 0.6247619046875 0.2357723578125 0.62 0.2337398375 0.609523809375 0.25609756093749997 0.607619046875 0.254065040625 0.5923809531249999 0.24186991875000002 0.5657142859375 0.213414634375 0.5647619046875 0.1991869921875 0.5571428578125001
18 0.4166666671875 0.47428571406250003 0.41056910625 0.4780952375 0.4166666671875 0.487619046875 0.4126016265625 0.5133333328125 0.422764228125 0.5161904765625 0.44308943125000005 0.511428571875 0.520325203125 0.5133333328125 0.520325203125 0.468571428125 0.5060975609375 0.46285714218749996 0.43902439062500004 0.468571428125 0.4166666671875 0.47428571406250003
20 0.83943089375 0.3466666671875 0.802845528125 0.370476190625 0.7987804875 0.37523809531249996 0.8191056906249999 0.38952380937500003 0.82317073125 0.410476190625 0.8313008125 0.4038095234375 0.847560975 0.40095238125000005 0.8577235765625 0.410476190625 0.8658536578125 0.410476190625 0.8780487812500001 0.3619047625 0.8577235765625 0.3561904765625 0.847560975 0.3466666671875 0.83943089375 0.3466666671875
21 0.7337398375 0.368571428125 0.7378048781250001 0.37619047656250004 0.75813008125 0.3780952375 0.782520325 0.3952380953125 0.81504065 0.3952380953125 0.8170731703125 0.38952380937500003 0.810975609375 0.38 0.8008130078125 0.3771428578125 0.8008130078125 0.370476190625 0.81504065 0.3542857140625 0.8089430890625 0.3438095234375 0.794715446875 0.3428571421875 0.7337398375 0.368571428125
37 0.7479674796875 0.44666666718750003 0.75813008125 0.44666666718750003 0.7906504062499999 0.43333333281249997 0.794715446875 0.42285714218750003 0.7682926828125 0.41809523750000005 0.75 0.42095238124999995 0.7479674796875 0.44666666718750003
37 0.7439024390625 0.4247619046875 0.74186991875 0.409523809375 0.7154471546875001 0.411428571875 0.7235772359375 0.43333333281249997 0.7439024390625 0.4247619046875