1 0.4177489171875 0.244939271875 0.3831168828125 0.2621457484375 0.378787878125 0.2732793515625 0.4112554109375 0.26619433125 0.4329004328125 0.26619433125 0.46536796562499994 0.2732793515625 0.46536796562499994 0.2651821859375 0.44155844218749996 0.258097165625 0.435064934375 0.2459514171875 0.4177489171875 0.244939271875
1 0.6948051953125 0.2267206484375 0.6796536796875 0.2348178140625 0.683982684375 0.244939271875 0.7142857140625 0.238866396875 0.7207792203125 0.2469635625 0.7294372296875 0.2469635625 0.7359307359375 0.2378542515625 0.7229437234375 0.2267206484375 0.7251082249999999 0.21963562812499998 0.7229437234375 0.216599190625 0.696969696875 0.216599190625 0.6948051953125 0.2267206484375
12 0.766233765625 0.1356275296875 0.7748917750000001 0.137651821875 0.8008658015625001 0.1366396765625 0.8008658015625001 0.131578946875 0.7727272734375 0.1244939265625 0.7640692640625 0.12651821875 0.766233765625 0.1356275296875
12 0.709956709375 0.14979757031250002 0.7142857140625 0.169028340625 0.7272727265625 0.1751012140625 0.7813852812500001 0.16295546562500002 0.7857142859375 0.1558704453125 0.7857142859375 0.15182186250000002 0.7554112546875 0.1396761140625 0.7510822515625 0.1275303640625 0.7380952375 0.1255060734375 0.7207792203125 0.1305668015625 0.709956709375 0.14979757031250002
13 0.8376623375 0.15182186250000002 0.8268398265625001 0.15182186250000002 0.7857142859375 0.1589068828125 0.7727272734375 0.19433198437500002 0.7770562765625 0.235829959375 0.90692640625 0.2348178140625 0.9090909093749999 0.191295546875 0.8982683984375001 0.1781376515625 0.8961038968749999 0.1589068828125 0.8874458875 0.1548583 0.84415584375 0.156882590625 0.8376623375 0.15182186250000002
13 0.2142857140625 0.15182186250000002 0.1883116890625 0.156882590625 0.1428571421875 0.1578947375 0.1320346328125 0.1973684203125 0.1363636359375 0.235829959375 0.22943722968750002 0.2378542515625 0.266233765625 0.2348178140625 0.26839826875 0.188259109375 0.2554112546875 0.159919028125 0.24891774843749997 0.1558704453125 0.225108225 0.156882590625 0.2142857140625 0.15182186250000002
10 0.5324675328125 0.053643724999999996 0.5043290046875 0.0546558703125 0.49350649375 0.06983805625 0.435064934375 0.07287449375 0.43073593125 0.1275303640625 0.44372294375 0.1477732796875 0.44372294375 0.16801619375000001 0.5995671 0.16801619375000001 0.5887445890625 0.1528340078125 0.6038961031250001 0.1255060734375 0.60606060625 0.0779352234375 0.5995671 0.07388663906250001 0.541125540625 0.06680161875 0.54329004375 0.057692307812499996 0.5324675328125 0.053643724999999996
37 0.259740259375 0.6417004046875 0.25757575781250003 0.6477732796875 0.28571428593750003 0.6720647765625001 0.3073593078125 0.659919028125 0.31818181874999996 0.659919028125 0.3073593078125 0.6477732796875 0.29220779218750004 0.6417004046875 0.26839826875 0.6467611343749999 0.259740259375 0.6417004046875
37 0.7251082249999999 0.6558704453125 0.7445887453125 0.6609311734375 0.7510822515625 0.6690283406249999 0.7619047625 0.6548583 0.7792207796875 0.648785425 0.7554112546875 0.6396761140625 0.740259740625 0.640688259375 0.7359307359375 0.6528340078125 0.7251082249999999 0.6558704453125
29 0.7878787875000001 0.570850203125 0.7813852812500001 0.5910931171875 0.7683982687500001 0.6032388656250001 0.7813852812500001 0.606275303125 0.7878787875000001 0.6163967609375 0.7705627703125 0.621457490625 0.7554112546875 0.61740890625 0.7510822515625 0.621457490625 0.7640692640625 0.6305668015625 0.759740259375 0.6366396765625 0.81818181875 0.653846153125 0.822510821875 0.659919028125 0.9134199140625 0.6639676109375 0.9285714281249999 0.62651821875 0.9199134203125 0.6022267203125 0.8982683984375001 0.5850202421875 0.8917748921875001 0.570850203125 0.7878787875000001 0.570850203125
29 0.22943722968750002 0.56680161875 0.2077922078125 0.5738866390624999 0.147186146875 0.5718623484375 0.1103896109375 0.6244939265625 0.121212121875 0.63259109375 0.121212121875 0.659919028125 0.127705628125 0.662955465625 0.1450216453125 0.6589068828125 0.17532467499999999 0.6639676109375 0.1883116890625 0.659919028125 0.2142857140625 0.6619433203125 0.24891774843749997 0.656882590625 0.259740259375 0.6417004046875 0.28571428593750003 0.637651821875 0.28571428593750003 0.5991902828125 0.266233765625 0.5981781374999999 0.2554112546875 0.57287449375 0.22943722968750002 0.56680161875
23 0.43073593125 0.6751012140625 0.4458874453125 0.735829959375 0.5 0.7408906875 0.541125540625 0.7398785421875 0.55627705625 0.7348178140625 0.5606060609375 0.72165991875 0.5779220781250001 0.7115384609375 0.6038961031250001 0.707489878125 0.6038961031250001 0.6427125499999999 0.5324675328125 0.6366396765625 0.4393939390625 0.6396761140625 0.43073593125 0.6751012140625
26 0.5649350656250001 0.729757084375 0.5887445890625 0.7530364375 0.6450216453125 0.719635628125 0.6428571421875 0.713562753125 0.625541125 0.7095141703125 0.5714285718750001 0.7115384609375 0.5649350656250001 0.729757084375