13 0.724358975 0.233 0.7457264953125 0.24100000000000002 0.7628205125 0.238 0.8183760687499999 0.24 0.822649571875 0.24500000000000002 0.8632478625 0.233 0.8632478625 0.187 0.852564103125 0.156 0.7991452984375 0.154 0.7863247859375 0.149 0.7670940171875 0.155 0.7478632484375 0.155 0.7264957265625 0.195 0.724358975 0.233
13 0.108974359375 0.172 0.096153846875 0.188 0.09401709375 0.22999999999999998 0.10042735 0.23500000000000001 0.1239316234375 0.238 0.190170940625 0.236 0.20299145312500003 0.24100000000000002 0.22863247812499998 0.23399999999999999 0.23076923124999998 0.189 0.215811965625 0.155 0.1709401703125 0.153 0.153846153125 0.159 0.14316239375 0.154 0.11752136718749999 0.154 0.10683760625000001 0.16 0.108974359375 0.172
10 0.39743589687499997 0.123 0.4123931625 0.152 0.4081196578125 0.16599999999999998 0.553418803125 0.16699999999999998 0.56837606875 0.121 0.5641025640625 0.073 0.527777778125 0.071 0.5064102562499999 0.059 0.474358975 0.053000000000000005 0.4572649578125 0.06899999999999999 0.4017094015625 0.074 0.3952991453125 0.078 0.39743589687499997 0.123
1 0.10683760625000001 0.395 0.1111111109375 0.386 0.128205128125 0.386 0.14529914531250002 0.392 0.147435896875 0.382 0.134615384375 0.364 0.10683760625000001 0.366 0.10683760625000001 0.375 0.09401709375 0.384 0.0982905984375 0.393 0.10683760625000001 0.395
1 0.346153846875 0.438 0.3482905984375 0.453 0.3397435890625 0.46299999999999997 0.358974359375 0.471 0.3611111109375 0.462 0.39316239375 0.45099999999999996 0.37179487187500004 0.437 0.346153846875 0.438
1 0.425213675 0.46399999999999997 0.44444444375 0.43499999999999994 0.4166666671875 0.43499999999999994 0.4102564109375 0.457 0.425213675 0.46399999999999997
12 0.1880341875 0.368 0.2179487171875 0.377 0.2371794875 0.37 0.24572649531250002 0.359 0.2200854703125 0.325 0.1730769234375 0.32999999999999996 0.153846153125 0.33999999999999997 0.15170940156249998 0.34900000000000003 0.1730769234375 0.366 0.177350428125 0.379 0.1880341875 0.368
9 0.2371794875 0.47800000000000004 0.25213675156250004 0.483 0.26923076875 0.483 0.2820512828125 0.475 0.37820512812499996 0.446 0.3824786328125 0.429 0.34188034218749996 0.4 0.3076923078125 0.398 0.2478632484375 0.403 0.215811965625 0.421 0.20085470156250002 0.437 0.19871794843749999 0.445 0.2371794875 0.47800000000000004
18 0.4487179484375 0.534 0.45940170937499997 0.537 0.49358974375000003 0.533 0.5576923078125 0.536 0.5662393156250001 0.5309999999999999 0.5641025640625 0.495 0.4871794875 0.477 0.47222222187499996 0.476 0.45940170937499997 0.481 0.446581196875 0.496 0.4572649578125 0.513 0.4487179484375 0.534
26 0.2200854703125 0.5549999999999999 0.224358975 0.584 0.2371794875 0.595 0.2542735046875 0.595 0.26923076875 0.5900000000000001 0.2628205125 0.567 0.24358974375 0.5549999999999999 0.2200854703125 0.5549999999999999
29 0.177350428125 0.563 0.175213675 0.5660000000000001 0.108974359375 0.567 0.10683760625000001 0.58 0.0769230765625 0.61 0.08119658125 0.632 0.09188034218749999 0.643 0.128205128125 0.646 0.1324786328125 0.6519999999999999 0.14529914531250002 0.648 0.1645299140625 0.651 0.1794871796875 0.645 0.22863247812499998 0.645 0.23290598281250002 0.631 0.25213675156250004 0.618 0.2179487171875 0.5700000000000001 0.177350428125 0.563
29 0.8119658125000001 0.567 0.7948717953125 0.5650000000000001 0.7884615390625 0.5599999999999999 0.784188034375 0.564 0.7457264953125 0.5660000000000001 0.7393162390625 0.5860000000000001 0.7115384609375 0.606 0.7136752140625 0.628 0.735042734375 0.643 0.7670940171875 0.651 0.777777778125 0.646 0.8012820515625 0.65 0.8205128203125 0.645 0.8376068374999999 0.648 0.8611111109375 0.645 0.8739316234375 0.624 0.8824786328125 0.623 0.852564103125 0.5796669999999999 0.852564103125 0.5690000000000001 0.84401709375 0.5650000000000001 0.8119658125000001 0.567
37 0.7670940171875 0.33599999999999997 0.7585470078125 0.34900000000000003 0.76923076875 0.36 0.803418803125 0.348 0.809829059375 0.33599999999999997 0.7927350421875 0.33799999999999997 0.784188034375 0.331 0.7670940171875 0.33599999999999997
23 0.4572649578125 0.732 0.5555555562500001 0.726 0.5662393156250001 0.6719999999999999 0.5598290593749999 0.634 0.49572649531249996 0.631 0.4017094015625 0.634 0.3952991453125 0.654 0.39316239375 0.6910000000000001 0.40598290625000005 0.727 0.44230769218750005 0.727 0.4572649578125 0.732