8 0.8663967609375 0.35227272656249997 0.862348178125 0.361742425 0.8744939265625 0.38352272656249997 0.9008097171875 0.3740530296875 0.92712550625 0.3740530296875 0.92105263125 0.3446969703125 0.9149797578125 0.34090909062499997 0.8947368421874999 0.34090909062499997 0.8663967609375 0.35227272656249997
12 0.7591093125 0.4015151515625 0.7591093125 0.41193181875 0.7408906875 0.42518939375000003 0.7287449390625 0.42329545468749996 0.7267206484375001 0.42613636406250005 0.761133603125 0.4365530296875 0.7995951421874999 0.4365530296875 0.7935222671875 0.410037878125 0.8016194328124999 0.4015151515625 0.8198380562500001 0.39772727343750003 0.817813765625 0.388257575 0.7368421046875 0.391098484375 0.7348178140625 0.39772727343750003 0.7591093125 0.4015151515625
3 0.8421052625 0.44602272656249997 0.8400809718750001 0.4356060609375 0.834008096875 0.434659090625 0.7874493921875 0.4393939390625 0.76923076875 0.4384469703125 0.7631578953125 0.433712121875 0.7510121453124999 0.4393939390625 0.7510121453124999 0.44412878750000007 0.767206478125 0.4450757578125 0.7732793515624999 0.45170454531250004 0.7530364375 0.47537878750000007 0.7732793515624999 0.4990530296875 0.8016194328124999 0.4981060609375 0.8279352234375 0.5075757578125 0.8421052625 0.5018939390625 0.8400809718750001 0.486742425 0.898785425 0.4706439390625 0.9089068828125001 0.464962121875 0.9089068828125001 0.45738636406250005 0.9008097171875 0.45359848437499994 0.862348178125 0.455492425 0.8421052625 0.44602272656249997
2 0.8421052625 0.503787878125 0.8238866390625 0.5104166671875 0.817813765625 0.5236742421875 0.8299595140625 0.5454545453125 0.8562753031250001 0.549242425 0.88259109375 0.5416666671875 0.8947368421874999 0.527462121875 0.890688259375 0.513257575 0.87651821875 0.5056818187500001 0.8542510125 0.503787878125 0.8421052625 0.503787878125
13 0.8117408906250001 0.17329545468750002 0.791497975 0.1666666671875 0.7489878546875001 0.16856060625 0.7348178140625 0.20643939375000003 0.7368421046875 0.24242424218749997 0.761133603125 0.25 0.7732793515624999 0.2452651515625 0.8562753031250001 0.24431818125000002 0.8643724703125001 0.22916666718749998 0.862348178125 0.2017045453125 0.8481781375 0.169507575 0.8279352234375 0.1676136359375 0.8117408906250001 0.17329545468750002
13 0.1983805671875 0.1647727265625 0.1457489875 0.17045454531249998 0.1356275296875 0.1988636359375 0.1336032390625 0.23958333281250002 0.165991903125 0.253787878125 0.2267206484375 0.2452651515625 0.2489878546875 0.25284090937500003 0.2530364375 0.2452651515625 0.26923076875 0.24431818125000002 0.267206478125 0.21496212187500002 0.244939271875 0.16856060625 0.22874493906249999 0.17045454531249998 0.1983805671875 0.1647727265625
10 0.514170040625 0.07481060625 0.485829959375 0.07481060625 0.47165991875 0.08806818125 0.419028340625 0.090909090625 0.41497975781249996 0.1448863640625 0.42712550625 0.1638257578125 0.42712550625 0.1799242421875 0.4392712546875 0.1827651515625 0.57894736875 0.1799242421875 0.5627530359375 0.1676136359375 0.57894736875 0.138257575 0.57894736875 0.0956439390625 0.570850203125 0.089962121875 0.5384615390625 0.089962121875 0.520242915625 0.084280303125 0.514170040625 0.07481060625
24 0.5 0.6145833328125 0.485829959375 0.621212121875 0.4230769234375 0.6221590906250001 0.4170040484375 0.6571969703125 0.429149796875 0.7102272734375 0.4736842109375 0.7140151515625 0.479757084375 0.7178030296875 0.5242914984375 0.7168560609375 0.570850203125 0.709280303125 0.57287449375 0.6856060609375 0.5809716593750001 0.6761363640625 0.57894736875 0.634469696875 0.5748987859375 0.6231060609375 0.52834008125 0.621212121875 0.5 0.6145833328125
29 0.7874493921875 0.5577651515625 0.7773279359374999 0.5606060609375 0.7469635625 0.558712121875 0.7246963562500001 0.6013257578125 0.7145748984375 0.607007575 0.7368421046875 0.6325757578125 0.8279352234375 0.6392045453125 0.8400809718750001 0.6335227265625 0.8562753031250001 0.634469696875 0.8562753031250001 0.6306818187500001 0.8663967609375 0.6297348484375 0.8805668015625001 0.6145833328125 0.8805668015625001 0.5994318187500001 0.862348178125 0.5928030296875 0.8663967609375 0.5871212124999999 0.8542510125 0.5767045453125 0.8522267203125 0.5615530296875 0.8421052625 0.5568181812499999 0.8076923078125 0.5625 0.7874493921875 0.5577651515625
29 0.1923076921875 0.5606060609375 0.1700404859375 0.5568181812499999 0.1477732796875 0.558712121875 0.1255060734375 0.6013257578125 0.11538461562499999 0.60606060625 0.1396761140625 0.6325757578125 0.18623481718749998 0.6325757578125 0.2004048578125 0.63731060625 0.20445344062499998 0.6325757578125 0.2267206484375 0.63731060625 0.2570850203125 0.628787878125 0.267206478125 0.6164772734375 0.27935222656250003 0.6136363640625 0.28137651875 0.6003787875000001 0.2510121453125 0.5672348484375 0.2510121453125 0.5596590906250001 0.2267206484375 0.5577651515625 0.20647773281249998 0.5511363640625 0.1923076921875 0.5606060609375
26 0.9170040484375 0.5378787875000001 0.9089068828125001 0.53125 0.9008097171875 0.53125 0.8886639671875001 0.5378787875000001 0.935222671875 0.5606060609375 0.9534412953125001 0.5776515156250001 0.9615384609375001 0.5767045453125 0.97165991875 0.5596590906250001 0.9736842109375001 0.5359848484375 0.9514170046875 0.53125 0.9372469640625001 0.5378787875000001 0.9170040484375 0.5378787875000001
21 0.6700404859375 0.4640151515625 0.665991903125 0.478219696875 0.7024291500000001 0.482007575 0.7206477734375001 0.5018939390625 0.7449392718750001 0.503787878125 0.7550607281249999 0.48295454531250004 0.7469635625 0.471590909375 0.7651821859375 0.4640151515625 0.7631578953125 0.45738636406250005 0.7469635625 0.45170454531250004 0.688259109375 0.45643939375000003 0.6700404859375 0.4640151515625