9 0.27799999999999997 0.470477975 0.306 0.4714151828125 0.31 0.4573570765625 0.282 0.4311152765625 0.22999999999999998 0.42924086250000004 0.196 0.43580131250000004 0.162 0.466729146875 0.16 0.4789128390625 0.174 0.499531396875 0.246 0.5023430171875 0.27799999999999997 0.470477975
12 0.35 0.4348641046875 0.354 0.44517338281249996 0.386 0.45173383281249996 0.42000000000000004 0.4311152765625 0.41 0.405810684375 0.42400000000000004 0.3936269921875 0.42400000000000004 0.38612933437499997 0.414 0.3833177125 0.40599999999999997 0.38894095625 0.33399999999999996 0.38612933437499997 0.33399999999999996 0.3983130265625 0.352 0.40112464843750006 0.36 0.426429240625 0.35 0.4348641046875
1 0.492 0.412371134375 0.46799999999999997 0.4095595125 0.46799999999999997 0.4283036546875 0.488 0.43205248437500005 0.496 0.4283036546875 0.492 0.412371134375
1 0.49800000000000005 0.38894095625 0.472 0.38800374843749996 0.47000000000000003 0.40768509843749995 0.49800000000000005 0.4095595125 0.504 0.40487347656250006 0.49800000000000005 0.38894095625
13 0.852 0.2099343953125 0.8400000000000001 0.1724461109375 0.798 0.1733833171875 0.778 0.1696344890625 0.754 0.1761949390625 0.74 0.1733833171875 0.738 0.187441425 0.726 0.200562325 0.728 0.244611059375 0.8300000000000001 0.24835988750000002 0.85 0.244611059375 0.852 0.2099343953125
13 0.258 0.244611059375 0.26 0.2024367390625 0.244 0.171508903125 0.2 0.167760075 0.148 0.1724461109375 0.132 0.2071227734375 0.134 0.244611059375 0.152 0.25023430156250004 0.236 0.2549203375 0.258 0.244611059375
10 0.42800000000000005 0.18181818125 0.5559999999999999 0.184629803125 0.5740000000000001 0.15651358906249999 0.572 0.0955951265625 0.53 0.0918462984375 0.52 0.0796626046875 0.49400000000000005 0.0721649484375 0.484 0.07403936250000001 0.47000000000000003 0.0871602625 0.42400000000000004 0.09278350468749999 0.41200000000000003 0.1002811625 0.418 0.15370196875 0.43 0.164011246875 0.42800000000000005 0.18181818125
27 0.11599999999999999 0.59793814375 0.13999999999999999 0.5791940015625 0.142 0.567947515625 0.09 0.5660731015625 0.06999999999999999 0.5773195875 0.066 0.5904404875 0.08399999999999999 0.6082474234374999 0.11200000000000002 0.613870665625 0.11599999999999999 0.59793814375
21 0.632 0.44329896875 0.638 0.43580131250000004 0.67 0.42924086250000004 0.6759999999999999 0.4208059984375 0.63 0.40018744218749996 0.62 0.40018744218749996 0.5940000000000001 0.4283036546875 0.5940000000000001 0.453608246875 0.622 0.4611059046875 0.636 0.45641986875 0.632 0.44329896875
18 0.46799999999999997 0.5791940015625 0.45999999999999996 0.56326148125 0.466 0.5520149953125 0.458 0.5473289593749999 0.392 0.53701968125 0.358 0.5510777874999999 0.362 0.5895032796875 0.45599999999999996 0.5885660734375 0.462 0.5857544515625001 0.46799999999999997 0.5791940015625
29 0.73 0.6373008437500001 0.732 0.6335520156250001 0.752 0.6316776 0.762 0.63823805 0.8 0.634489221875 0.8099999999999999 0.6410496718750001 0.818 0.640112465625 0.826 0.6326148078125 0.85 0.63074039375 0.8560000000000001 0.61761949375 0.8699999999999999 0.6101218375 0.8400000000000001 0.5576382375 0.8240000000000001 0.5548266171875 0.798 0.55670103125 0.782 0.5492033734375 0.736 0.5595126515625 0.736 0.5688847234375001 0.706 0.5970009375 0.718 0.634489221875 0.73 0.6373008437500001
29 0.136 0.6194939078125 0.13999999999999999 0.6288659796875 0.16 0.6298031859375001 0.174 0.6373008437500001 0.18 0.6316776 0.19 0.6316776 0.196 0.6363636359375 0.20600000000000002 0.6316776 0.258 0.6298031859375001 0.27799999999999997 0.6054358015625 0.26 0.5988753515624999 0.246 0.55670103125 0.21400000000000002 0.5482661671875 0.174 0.55014058125 0.152 0.5623242734375 0.152 0.5726335515625001 0.13799999999999998 0.5876288656249999 0.13799999999999998 0.5960637296875 0.154 0.6063730078125 0.152 0.613870665625 0.136 0.6194939078125
24 0.454 0.7104029984375 0.47000000000000003 0.714151828125 0.504 0.714151828125 0.558 0.7094657921875 0.5660000000000001 0.7038425484374999 0.5740000000000001 0.6560449859374999 0.5660000000000001 0.6194939078125 0.49800000000000005 0.61761949375 0.48600000000000004 0.6129334578125001 0.418 0.620431115625 0.414 0.6251171515625 0.41 0.6654170578125 0.42000000000000004 0.7038425484374999 0.43 0.7122774140625 0.454 0.7104029984375