13 0.2459016390625 0.1676245203125 0.20286885312499997 0.1628352484375 0.1926229515625 0.1676245203125 0.1495901640625 0.1657088125 0.1413934421875 0.1695402296875 0.1290983609375 0.1992337171875 0.131147540625 0.24137931093749998 0.2520491796875 0.24329501874999998 0.258196721875 0.2021072796875 0.2459016390625 0.1676245203125
13 0.8524590156249999 0.1676245203125 0.784836065625 0.1628352484375 0.7479508203125 0.170498084375 0.7356557375 0.1973180078125 0.73770491875 0.24137931093749998 0.77663934375 0.24425287343750002 0.8606557374999999 0.2423371640625 0.8627049187500001 0.196360153125 0.8524590156249999 0.1676245203125
10 0.45696721250000005 0.08620689687500001 0.424180328125 0.0881226046875 0.41598360625 0.092911878125 0.41803278749999995 0.137931034375 0.4323770484375 0.1676245203125 0.422131146875 0.1781609203125 0.55532786875 0.1810344828125 0.56967213125 0.1781609203125 0.5819672125 0.13984674375 0.577868853125 0.0881226046875 0.5307377046874999 0.08620689687500001 0.5163934421875 0.0708812265625 0.491803278125 0.0689655171875 0.48155737656250003 0.0708812265625 0.479508196875 0.07854406093750001 0.45696721250000005 0.08620689687500001
12 0.23770491875 0.4243295015625 0.23770491875 0.41570881249999997 0.2459016390625 0.413793103125 0.2459016390625 0.4032567046875 0.2254098359375 0.364942528125 0.20286885312499997 0.363984675 0.1987704921875 0.3821839078125 0.18032786875 0.381226053125 0.159836065625 0.3936781609375 0.18032786875 0.43007662812499997 0.22745901562499998 0.43007662812499997 0.23770491875 0.4243295015625
1 0.1393442625 0.46455938750000003 0.133196721875 0.4798850578125 0.145491803125 0.4865900390625 0.1577868859375 0.4865900390625 0.174180328125 0.476053640625 0.1680327875 0.46455938750000003 0.16188524531249998 0.4616858234375 0.1393442625 0.46455938750000003
1 0.438524590625 0.4549808421875 0.397540984375 0.4549808421875 0.3913934421875 0.45881226093749994 0.3913934421875 0.48180076562499996 0.41188524531250004 0.4865900390625 0.438524590625 0.4549808421875
1 0.4282786890625 0.43869731874999995 0.4282786890625 0.44923371718749994 0.4200819671875 0.4549808421875 0.438524590625 0.46264367812499996 0.4549180328125 0.4521072796875 0.45901639375 0.4406130265625 0.450819671875 0.4358237546875 0.4282786890625 0.43869731874999995
9 0.3565573765625 0.5009578546875 0.4057377046875 0.4990421453125 0.4282786890625 0.4616858234375 0.4282786890625 0.436781609375 0.436475409375 0.43295019218749997 0.41803278749999995 0.4262452109375 0.3709016390625 0.4291187734375 0.34836065625 0.4358237546875 0.30532786875 0.465517240625 0.30737704843749997 0.4808429125 0.32786885312499997 0.495210728125 0.3565573765625 0.5009578546875
23 0.56967213125 0.7145593875 0.5799180328125 0.6618773953125 0.5717213109375 0.62643678125 0.520491803125 0.6273946359375 0.5102459015624999 0.621647509375 0.422131146875 0.6254789265625 0.41598360625 0.6513409968749999 0.41393442656249996 0.6781609203125 0.42622950781249996 0.7136015328124999 0.47336065625 0.7203065140625 0.56967213125 0.7145593875
26 0.31352459062500004 0.6005747125 0.31147540937499996 0.576628353125 0.3032786890625 0.5680076625 0.27459016406250003 0.5670498078125 0.270491803125 0.5708812265625001 0.2602459015625 0.5823754796875 0.2602459015625 0.6034482765625 0.2827868859375 0.6063218390625 0.30737704843749997 0.602490421875 0.31352459062500004 0.6005747125
18 0.491803278125 0.5296934859375 0.506147540625 0.52586206875 0.5327868859375 0.530651340625 0.5758196718749999 0.5296934859375 0.5819672125 0.52298850625 0.5799180328125 0.49329501875000004 0.56967213125 0.48850574687500004 0.48975409843750006 0.4750957859375 0.4692622953125 0.48754789218749994 0.4692622953125 0.52298850625 0.47745901562500004 0.5268199234375001 0.491803278125 0.5296934859375
21 0.1290983609375 0.5287356328125 0.1270491796875 0.5478927203125 0.15163934375000002 0.5431034484375 0.16393442656249999 0.5431034484375 0.16598360625 0.546934865625 0.1844262296875 0.53927203125 0.20286885312499997 0.53927203125 0.21516393437499998 0.544061303125 0.2315573765625 0.5411877390625001 0.243852459375 0.5450191578125 0.256147540625 0.544061303125 0.258196721875 0.540229884375 0.256147540625 0.5316091953125001 0.1926229515625 0.50670498125 0.1290983609375 0.5287356328125
29 0.8094262296875 0.5593869734375 0.797131146875 0.5507662828125001 0.7540983609375 0.5593869734375 0.7459016390625 0.5641762453125 0.7459016390625 0.5737547890625 0.7172131140625 0.5890804593750001 0.715163934375 0.6254789265625 0.729508196875 0.6465517234375 0.7520491796875 0.6436781609375 0.778688525 0.654214559375 0.7950819671875 0.644636015625 0.8258196718749999 0.6494252875 0.846311475 0.64272030625 0.868852459375 0.644636015625 0.8852459015624999 0.6111111109375 0.868852459375 0.5996168578125001 0.875 0.586206896875 0.868852459375 0.586206896875 0.8504098359375 0.5593869734375 0.8094262296875 0.5593869734375
29 0.258196721875 0.6226053640625 0.278688525 0.6111111109375 0.258196721875 0.597222221875 0.23770491875 0.5680076625 0.2397540984375 0.56130268125 0.2315573765625 0.5603448281250001 0.1967213109375 0.581417625 0.174180328125 0.5756704984375001 0.1577868859375 0.55842911875 0.1434426234375 0.5593869734375 0.13729508125 0.5641762453125 0.13729508125 0.5795019156250001 0.125 0.5948275859375001 0.11680327812499999 0.595785440625 0.1209016390625 0.6005747125 0.11065573749999999 0.6034482765625 0.1147540984375 0.6197318 0.1290983609375 0.6197318 0.13729508125 0.6331417625 0.16188524531249998 0.635057471875 0.16598360625 0.6408045984374999 0.19467213125 0.6408045984374999 0.2069672125 0.635057471875 0.256147540625 0.635057471875 0.258196721875 0.6226053640625