23 0.51171875 0.65703125 0.171875 0.10234375
29 0.8171875 0.5828125 0.1703125 0.08984375
29 0.20546875 0.584375 0.1703125 0.0921875
13 0.81875 0.175 0.1265625 0.06015625
0 0.84375 0.4953125 0.13515625 0.0859375
28 0.84609375 0.315625 0.13671875 0.059375
5 0.81875 0.2078125 0.10546875 0.05703125
35 0.7738589218749999 0.2782101171875 0.854771784375 0.27140077812499996 0.883817428125 0.25972762656250004 0.8775933609375001 0.25680933906250003 0.854771784375 0.25875486406250003 0.834024896875 0.266536965625 0.7925311203125001 0.25875486406250003 0.7883817421875 0.2470817125 0.800829875 0.23249027187500002 0.775933609375 0.229571984375 0.75103734375 0.2383268484375 0.744813278125 0.2655642015625 0.7738589218749999 0.2782101171875
15 0.73029045625 0.20428015624999998 0.715767634375 0.20817120625 0.6825726140625 0.20817120625 0.7074688796874999 0.233463034375 0.7219917015624999 0.2354085609375 0.755186721875 0.230544746875 0.7572614109375 0.2149805453125 0.7468879671875001 0.20622568125 0.73029045625 0.20428015624999998
11 0.4315352703125 0.1186770421875 0.4481327796875 0.1400778203125 0.4419087140625 0.1575875484375 0.5829875515625 0.1585603109375 0.5975103734375 0.1186770421875 0.5933609953125 0.0680933859375 0.5580912859375 0.062256809375 0.5331950203125 0.0515564203125 0.5269709546875 0.041828793749999996 0.4979253109375 0.041828793749999996 0.4522821578125 0.065175096875 0.4377593359375 0.0680933859375 0.4336099578125 0.07392996093750001 0.4315352703125 0.1186770421875
17 0.4875518671875 0.32392996093750004 0.5746887968750001 0.27529182812499997 0.5933609953125 0.26070038906250004 0.5871369296875 0.2490272375 0.5705394187499999 0.2412451359375 0.5518672203125 0.2402723734375 0.5082987546875 0.25778210156250003 0.4979253109375 0.266536965625 0.46265560156249996 0.2782101171875 0.46265560156249996 0.315175096875 0.47717842343749994 0.32392996093750004 0.4875518671875 0.32392996093750004