23 0.496875 0.65703125 0.17109375 0.10234375
29 0.80234375 0.58359375 0.16875 0.08828125
29 0.19375 0.58125 0.16875 0.09140625
9 0.113168725 0.482658959375 0.09465020625000001 0.49903660937499994 0.09670781875 0.5298651249999999 0.113168725 0.5385356453125001 0.11728395 0.5337186890625001 0.141975309375 0.5317919078125 0.1954732515625 0.542389209375 0.2139917703125 0.54142581875 0.2242798359375 0.5327552984375 0.26131687187499997 0.5192678234375 0.2654320984375 0.49229287031249996 0.238683128125 0.4768786125 0.13374485625000002 0.4739884390625 0.113168725 0.482658959375
28 0.183127571875 0.41522157968749995 0.1851851859375 0.4094412328125 0.17283950625 0.418111753125 0.1543209875 0.41522157968749995 0.1152263375 0.43256262031250003 0.1152263375 0.464354528125 0.13580246875 0.46820809218750004 0.1975308640625 0.4672447015625 0.21810699531250002 0.4605009640625 0.240740740625 0.464354528125 0.240740740625 0.447976878125 0.2160493828125 0.418111753125 0.19135802500000001 0.41907514375000005 0.183127571875 0.41522157968749995
30 0.2530864203125 0.4171483625 0.24279835468750002 0.41907514375000005 0.238683128125 0.42870905625000005 0.22839506250000002 0.43256262031250003 0.24279835468750002 0.46242774531249997 0.2551440328125 0.46242774531249997 0.26131687187499997 0.469171484375 0.28806584375 0.46146435468749997 0.29012345625 0.43545279375 0.2818930046875 0.43545279375 0.2716049375 0.422928709375 0.2530864203125 0.4171483625
19 0.39300411562500004 0.2745664734375 0.374485596875 0.2919075140625 0.43415637812499996 0.3140655109375 0.43415637812499996 0.3025048171875 0.45473251093749995 0.287090559375 0.45267489687499995 0.2793834296875 0.42798353906250003 0.2687861265625 0.411522634375 0.2687861265625 0.39300411562500004 0.2745664734375
25 0.5144032921874999 0.263969171875 0.49382716093749995 0.270712909375 0.47736625468750005 0.2803468203125 0.47942386875 0.2842003859375 0.49588477343750004 0.287090559375 0.489711934375 0.30443159999999997 0.5061728390625 0.318882465625 0.53909465 0.317919075 0.55761316875 0.31310211875 0.5720164609375 0.277456646875 0.5411522640624999 0.258188825 0.530864196875 0.263969171875 0.5144032921874999 0.263969171875
16 0.374485596875 0.13583815 0.3909465015625 0.1502890171875 0.4094650203125 0.1445086703125 0.4074074078125 0.1290944125 0.41563785937500003 0.11849710937499999 0.40329218125 0.11464354531250001 0.31275720156250003 0.11946050156250002 0.35390946562500003 0.1271676296875 0.374485596875 0.13583815
19 0.1851851859375 0.1782273609375 0.20781892968750001 0.148362234375 0.199588478125 0.106936415625 0.1893004109375 0.10115606875000001 0.17695473281250002 0.1445086703125 0.1851851859375 0.1782273609375
11 0.5123456796875 0.045279382812500005 0.4979423875 0.043352601562499996 0.473251028125 0.047206165625000004 0.46707818906250004 0.05973025 0.4485596703125 0.0693641625 0.4176954734375 0.0722543359375 0.41358024687499995 0.10115606875000001 0.42592592656250006 0.10308285156250001 0.432098765625 0.1127167625 0.41563785937500003 0.1310211953125 0.42798353906250003 0.1618497109375 0.5329218109375 0.164739884375 0.565843621875 0.1618497109375 0.5617283953125 0.1435452796875 0.5761316875 0.123314065625 0.5761316875 0.0780346828125 0.5699588484375 0.0722543359375 0.5534979421874999 0.07129094375 0.5164609046875 0.053949903125 0.5123456796875 0.045279382812500005