1 0.2982832625 0.47283702187500004 0.3047210296875 0.4647887328125 0.33261802500000004 0.47585513125 0.3433476390625 0.4647887328125 0.3283261796875 0.4416499 0.30257510781249997 0.443661971875 0.2896995703125 0.46780684062500005 0.2982832625 0.47283702187500004
1 0.7253218890625 0.4426559359375 0.7660944203125 0.44567404374999997 0.7725321890625 0.4416499 0.7639484984375 0.41549295781250006 0.7339055796875 0.41649899375 0.7210300421875 0.433601609375 0.7253218890625 0.4426559359375
1 0.669527896875 0.3028169015625 0.64806866875 0.3078470828125 0.645922746875 0.3148893359375 0.7038626609375 0.30985915468749997 0.7274678109375 0.31891348124999996 0.7274678109375 0.310865190625 0.7060085843749999 0.3038229375 0.6781115875 0.305835009375 0.669527896875 0.3028169015625
1 0.8111587984374999 0.2635814890625 0.7639484984375 0.281690140625 0.7639484984375 0.28571428593750003 0.7939914156250001 0.28672032187499996 0.8111587984374999 0.2927565390625 0.8540772531249999 0.28571428593750003 0.8497854078125 0.27867203281249997 0.8283261796874999 0.2756539234375 0.8240343343750001 0.26559356093750003 0.8111587984374999 0.2635814890625
12 0.7339055796875 0.25955734375 0.738197425 0.2635814890625 0.7639484984375 0.26961770625 0.7789699578125 0.267605634375 0.7896995703125 0.264587525 0.7896995703125 0.2565392359375 0.809012875 0.2565392359375 0.8283261796874999 0.25050301875000003 0.8240343343750001 0.24044265625 0.7811158796875 0.2263581484375 0.75536480625 0.227364184375 0.7339055796875 0.25955734375
13 0.1866952796875 0.174044265625 0.1416309015625 0.174044265625 0.13090128750000002 0.2072434609375 0.1330472109375 0.252515090625 0.169527896875 0.2635814890625 0.1866952796875 0.2635814890625 0.2210300421875 0.25452716249999996 0.24892703906250002 0.2605633796875 0.2725321890625 0.252515090625 0.26824034375 0.21529175 0.24892703906250002 0.174044265625 0.19742489218749998 0.1700201203125 0.1866952796875 0.174044265625
13 0.8497854078125 0.1700201203125 0.8197424890624999 0.1680080484375 0.7789699578125 0.174044265625 0.7682403437499999 0.208249496875 0.785407725 0.2213279671875 0.7896995703125 0.24044265625 0.800429184375 0.2464788734375 0.81545064375 0.2464788734375 0.8197424890624999 0.2605633796875 0.8433476390625 0.25352112656250003 0.89914163125 0.2515090546875 0.89914163125 0.203219315625 0.88626609375 0.174044265625 0.860515021875 0.1760563375 0.8497854078125 0.1700201203125
10 0.538626609375 0.075452715625 0.50643776875 0.071428571875 0.49356223125 0.0845070421875 0.47639485 0.0885311875 0.4334763953125 0.08953722343750001 0.42703862656249997 0.1428571421875 0.4420600859375 0.1851106640625 0.5901287546875 0.1830985921875 0.5836909875 0.1700201203125 0.5965665234374999 0.15191146875 0.60085836875 0.09557344062499999 0.5901287546875 0.08953722343750001 0.5557939921874999 0.08953722343750001 0.5429184546875 0.085513078125 0.538626609375 0.075452715625
9 0.860515021875 0.392354125 0.8540772531249999 0.4004024140625 0.8197424890624999 0.39738430625 0.7896995703125 0.40442655937499994 0.7682403437499999 0.423541246875 0.7768240343749999 0.43762575468750003 0.770386265625 0.453722334375 0.7982832625 0.46780684062500005 0.8369098718749999 0.46579476875000003 0.8583690984375 0.47484909531249997 0.88626609375 0.47283702187500004 0.9313304718750001 0.4517102609375 0.9420600859375 0.438631790625 0.9399141625 0.419517103125 0.9120171671874999 0.40442655937499994 0.8798283265625001 0.40140845 0.860515021875 0.392354125
26 1 0.577800134375 0.9978540765625 0.5774647890625 0.9892703859375 0.580482896875 0.9742489265625001 0.60261569375 0.9763948499999999 0.615694165625 0.9978540765625 0.607645875 1 0.608086015625 1 0.577800134375
21 0.667381975 0.624748490625 0.667381975 0.6338028171875 0.6716738203125 0.639839034375 0.693133046875 0.636820925 0.7231759656250001 0.6438631796875 0.7424892703125 0.6438631796875 0.7467811156249999 0.6358148890625 0.7961373390625 0.6327967812499999 0.800429184375 0.6257545265625 0.7939914156250001 0.6217303828125 0.738197425 0.5975855125 0.6781115875 0.6187122734375 0.667381975 0.624748490625
29 0.7811158796875 0.58350100625 0.7789699578125 0.63179074375 0.7489270390625 0.634808853125 0.74463519375 0.6418511062500001 0.7489270390625 0.6478873234375 0.7575107296875 0.6478873234375 0.7682403437499999 0.6659959765625 0.8347639484375 0.67203219375 0.8562231765625 0.669014084375 0.8648068671875 0.6730382296874999 0.8755364812499999 0.6659959765625 0.8948497859375 0.6659959765625 0.9098712453125 0.658953721875 0.9206008578124999 0.63179074375 0.8884120171875001 0.5875251515625 0.8562231765625 0.585513078125 0.806866953125 0.575452715625 0.7811158796875 0.58350100625
29 0.1115879828125 0.6428571421875 0.12875536406250002 0.6529175046875 0.13090128750000002 0.663983903125 0.19742489218749998 0.67203219375 0.20171673750000002 0.6680080484375 0.216738196875 0.6670020125 0.2274678109375 0.6710261562500001 0.23175965625 0.6670020125 0.253218884375 0.6659959765625 0.26180257500000004 0.6559356140625 0.24463519374999998 0.6468812875000001 0.24248927031249998 0.636820925 0.2639484984375 0.6287726359375 0.26180257500000004 0.6136820921874999 0.24892703906250002 0.5865191140625 0.145922746875 0.5875251515625 0.1115879828125 0.6428571421875
23 0.545064378125 0.6579476859375 0.5128755359375 0.6478873234375 0.5 0.6519114687500001 0.43562231718750005 0.654929578125 0.42918455 0.69114688125 0.43991416250000004 0.7484909453124999 0.53004291875 0.7555331984375 0.592274678125 0.74949698125 0.6030042921875001 0.71529175 0.60085836875 0.66197183125 0.5944206015625 0.654929578125 0.5665236046875 0.653923540625 0.545064378125 0.6579476859375