9 0.4894957984375 0.45669291406249996 0.4936974796875 0.47145669218749997 0.48109243749999997 0.48523622031249997 0.4474789921875 0.486220471875 0.43907562968749997 0.49409448749999996 0.44117647031249996 0.5068897640625 0.455882353125 0.512795275 0.5 0.5098425203125 0.525210084375 0.5059055125 0.539915965625 0.49704724375 0.5546218484375001 0.495078740625 0.56512605 0.4980314953125 0.5777310921875001 0.5167322828125 0.5987394953125 0.5196850390625001 0.6113445375000001 0.5167322828125 0.6281512609375 0.5088582671874999 0.636554621875 0.4458661421875 0.6071428578125 0.43503937031250006 0.5063025203125 0.4478346453125 0.4894957984375 0.45669291406249996
1 0.7962184875 0.44291338593749996 0.8235294124999999 0.44685039375 0.8319327734374999 0.4379921265625 0.8214285718750001 0.41240157499999996 0.7983193281250001 0.40944881874999994 0.7857142859375 0.42519685 0.7962184875 0.44291338593749996
1 0.7184873953124999 0.43307086562499997 0.72689075625 0.43307086562499997 0.7373949578125 0.42322834687500005 0.7373949578125 0.4084645671875 0.7121848734375 0.4084645671875 0.70798319375 0.42814960625 0.7184873953124999 0.43307086562499997
1 0.6953781515624999 0.382874015625 0.7121848734375 0.388779528125 0.724789915625 0.382874015625 0.722689075 0.36417322812499997 0.69957983125 0.36417322812499997 0.6953781515624999 0.36811023593750003 0.6953781515624999 0.382874015625
1 0.8802521015625 0.40354330781250003 0.8886554625 0.39468503906249996 0.886554621875 0.38188976406249997 0.859243696875 0.38188976406249997 0.8571428578125 0.4055118109375 0.8802521015625 0.40354330781250003
12 0.8088235296875 0.3927165359375 0.8088235296875 0.3759842515625 0.777310925 0.375 0.771008403125 0.39665354375 0.8088235296875 0.3927165359375
12 0.8151260499999999 0.145669290625 0.80042016875 0.1505905515625 0.7563025203125 0.1505905515625 0.7436974796875 0.186023621875 0.74579831875 0.226377953125 0.7962184875 0.22933070937500002 0.8718487390625 0.22736220468749999 0.8739495796875 0.1791338578125 0.859243696875 0.1505905515625 0.8298319328125 0.1505905515625 0.8151260499999999 0.145669290625
13 0.8256302515625 0.145669290625 0.7563025203125 0.1505905515625 0.7436974796875 0.1870078734375 0.747899159375 0.22736220468749999 0.8739495796875 0.226377953125 0.8760504203125 0.1850393703125 0.863445378125 0.154527559375 0.8550420171875001 0.1496062984375 0.8361344531249999 0.1535433078125 0.8256302515625 0.145669290625
13 0.132352940625 0.1505905515625 0.1239495796875 0.17814960625 0.1260504203125 0.22736220468749999 0.1911764703125 0.22933070937500002 0.252100840625 0.226377953125 0.25420168125 0.17814960625 0.2394957984375 0.1663385828125 0.2415966390625 0.1535433078125 0.2373949578125 0.1505905515625 0.1890756296875 0.148622046875 0.132352940625 0.1505905515625
10 0.50420168125 0.048228346875 0.478991596875 0.051181103125 0.474789915625 0.058070865625 0.451680671875 0.066929134375 0.41596638593749996 0.0688976375 0.41176470624999995 0.12204724375 0.42436974843749997 0.16141732343749998 0.5735294125 0.16141732343749998 0.56512605 0.1417322828125 0.5777310921875001 0.12992125937500001 0.5819327734375 0.073818896875 0.5735294125 0.0688976375 0.521008403125 0.063976378125 0.5147058828125 0.05019685 0.50420168125 0.048228346875
26 1 0.542322834375 0.955882353125 0.5433070859375 0.9453781515624999 0.54724409375 0.9453781515624999 0.5551181109375001 0.978991596875 0.5905511812500001 0.9915966390625 0.5895669296875 0.9936974796875001 0.5807086609375001 1 0.579822834375 1 0.542322834375
29 0.10294117656249999 0.6082677171875 0.113445378125 0.6102362203125 0.1260504203125 0.6318897640625 0.17226890781249998 0.6318897640625 0.186974790625 0.6358267718749999 0.20798319375 0.6309055125 0.21638655468749998 0.6368110234375 0.2205882359375 0.629921259375 0.24579831875 0.6289370078125 0.2310924375 0.6131889765625 0.25 0.5935039375 0.2415966390625 0.558070865625 0.2310924375 0.5541338578125 0.13445378125000002 0.5561023625 0.10294117656249999 0.6082677171875
29 0.8298319328125 0.5521653546875 0.8214285718750001 0.5551181109375001 0.789915965625 0.5492125984375 0.752100840625 0.551181103125 0.7310924375 0.6033464562499999 0.724789915625 0.604330709375 0.724789915625 0.60925196875 0.7352941171875 0.6102362203125 0.7436974796875 0.6289370078125 0.752100840625 0.6318897640625 0.7962184875 0.6318897640625 0.8067226890624999 0.6259842515625 0.8340336140625 0.6259842515625 0.83823529375 0.6358267718749999 0.8718487390625 0.6289370078125 0.8697478984375 0.620078740625 0.859243696875 0.6161417328125001 0.859243696875 0.598425196875 0.8844537812500001 0.5964566921875 0.8802521015625 0.58464566875 0.8676470593750001 0.573818896875 0.8613445375 0.55314960625 0.8298319328125 0.5521653546875
23 0.5189075625 0.617125984375 0.4873949578125 0.6161417328125001 0.4201680671875 0.6210629921875 0.413865546875 0.6564960625 0.42436974843749997 0.712598425 0.474789915625 0.7165354328125 0.50420168125 0.7145669296875 0.52310924375 0.7185039375 0.527310925 0.7145669296875 0.5735294125 0.7116141734375 0.5735294125 0.69094488125 0.5840336140625 0.676181103125 0.5819327734375 0.6348425203125 0.5735294125 0.6210629921875 0.5378151265625 0.6230314953125 0.5189075625 0.617125984375
21 0.75420168125 0.4084645671875 0.7331932765625 0.42519685 0.710084034375 0.4242125984375 0.6974789921875 0.43307086562499997 0.6932773109375 0.4458661421875 0.7121848734375 0.4458661421875 0.7373949578125 0.45374015781250004 0.7415966390625 0.46259842500000004 0.7605042015625 0.4645669296875 0.8088235296875 0.4458661421875 0.8277310921875 0.4458661421875 0.8235294124999999 0.4301181109375 0.8046218484375001 0.4271653546875 0.7815126046875001 0.40944881874999994 0.75420168125 0.4084645671875