10 0.3872340421875 0.14115308124999998 0.40212765937499995 0.16799204843749999 0.39574468125 0.18588469218749998 0.46595744687499996 0.189860834375 0.5446808515625 0.18588469218749998 0.5617021281250001 0.1381709734375 0.5553191484375 0.092445328125 0.506382978125 0.088469184375 0.497872340625 0.077534790625 0.46595744687499996 0.07057654062499999 0.4468085109375 0.08747514843750001 0.4 0.08946322031250001 0.3872340421875 0.0954274359375 0.3872340421875 0.14115308124999998
13 0.7127659578125 0.253479125 0.73191489375 0.255467196875 0.738297871875 0.26242544687499997 0.761702128125 0.255467196875 0.7787234046875 0.255467196875 0.806382978125 0.2654075546875 0.8510638296874999 0.2524850890625 0.8510638296874999 0.2037773359375 0.84042553125 0.1749502984375 0.8042553187499999 0.1749502984375 0.7872340421875 0.1709741546875 0.7361702125 0.1749502984375 0.7191489359375 0.20278330000000003 0.7127659578125 0.253479125
13 0.2212765953125 0.2504970171875 0.2212765953125 0.204771371875 0.2106382984375 0.1749502984375 0.170212765625 0.16998011875000002 0.1489361703125 0.1749502984375 0.10425531875 0.1749502984375 0.0914893609375 0.20576540781250002 0.08936170156249999 0.248508946875 0.09574468124999999 0.2524850890625 0.2106382984375 0.253479125 0.2212765953125 0.2504970171875
9 0.2106382984375 0.50397614375 0.206382978125 0.5288270374999999 0.2148936171875 0.5367793234375 0.23617021249999998 0.548707753125 0.28085106406250004 0.552683896875 0.2851063828125 0.5447316109375 0.3170212765625 0.5337972171875001 0.3446808515625 0.5099403578125 0.3574468078125 0.5059642140625 0.3553191484375 0.49701789218750003 0.327659575 0.4781312125 0.28936170156249996 0.4771371765625 0.25744680781249996 0.4771371765625 0.22978723437499998 0.484095428125 0.2106382984375 0.50397614375
12 0.4468085109375 0.4015904578125 0.4425531921875 0.414512921875 0.47446808437500004 0.4204771375 0.47021276562500003 0.429423459375 0.4765957453125 0.436381709375 0.46382978750000003 0.451292246875 0.46808510625000005 0.4632206765625 0.4872340421875 0.46520874687499997 0.49574468125 0.4701789265625 0.5127659578125 0.4502982109375 0.538297871875 0.451292246875 0.525531915625 0.43439363750000004 0.5425531921875 0.40258449374999994 0.5361702125 0.3996023859375 0.4468085109375 0.4015904578125
1 0.5553191484375 0.3956262421875 0.5531914890625 0.4244532796875 0.5638297875 0.43240556718749995 0.5765957453125 0.43240556718749995 0.5808510640625 0.41848906562500005 0.597872340625 0.40954274375 0.5808510640625 0.3956262421875 0.5553191484375 0.3956262421875
1 0.6212765953125 0.4204771375 0.593617021875 0.4204771375 0.6 0.44532803125 0.6148936171875 0.44731610312500003 0.6361702124999999 0.436381709375 0.6212765953125 0.4204771375
24 0.4425531921875 0.64811133125 0.39361702187500003 0.650099403125 0.3872340421875 0.6600397609375 0.3851063828125 0.70974155 0.39574468125 0.74254473125 0.4170212765625 0.7465208750000001 0.4361702125 0.744532803125 0.44468085156250003 0.7495029828125 0.493617021875 0.7495029828125 0.5468085109375 0.74254473125 0.5595744687499999 0.6838966203125 0.5510638296875 0.650099403125 0.497872340625 0.6510934390625 0.48510638281249996 0.650099403125 0.4765957453125 0.643141153125 0.45957446874999996 0.643141153125 0.4425531921875 0.64811133125
29 0.1361702125 0.5805168984375 0.10425531875 0.581510934375 0.093617021875 0.61232604375 0.093617021875 0.6242544734375 0.11276595781250001 0.63419483125 0.08936170156249999 0.6441351890625 0.097872340625 0.659045725 0.125531915625 0.6679920484374999 0.2234042546875 0.659045725 0.22553191562500002 0.6441351890625 0.24255319218750002 0.6401590453125 0.2446808515625 0.63419483125 0.23191489375000002 0.6262425453125 0.2 0.5805168984375 0.1765957453125 0.5805168984375 0.15957446875 0.5864811140625 0.1361702125 0.5805168984375
29 0.70425531875 0.6441351890625 0.7191489359375 0.6491053671875 0.727659575 0.6600397609375 0.75957446875 0.6669980125 0.76808510625 0.6620278328125 0.7851063828125 0.6660039765625 0.8489361703125 0.6620278328125 0.874468084375 0.6351888671875 0.84042553125 0.5834990062500001 0.7510638296875001 0.5755467203125 0.73191489375 0.5834990062500001 0.729787234375 0.5969184890625 0.702127659375 0.6232604375 0.70425531875 0.6441351890625
21 0.7 0.45328031874999997 0.702127659375 0.46520874687499997 0.727659575 0.4701789265625 0.738297871875 0.46222664062499996 0.738297871875 0.4465705765625 0.7468085109375 0.4373757453125 0.765957446875 0.4304174953125 0.765957446875 0.4214711734375 0.7234042546875 0.4105367796875 0.702127659375 0.40954274375 0.6872340421875001 0.41948310156249996 0.672340425 0.4433399609375 0.7 0.45328031874999997
18 0.33404255312500003 0.5874751484375 0.325531915625 0.610337971875 0.33191489375 0.6163021875 0.397872340625 0.6143141156249999 0.427659575 0.6172962234375 0.4425531921875 0.6133200796875 0.44468085156250003 0.603379721875 0.4361702125 0.5944334 0.4425531921875 0.5765407546875 0.39361702187500003 0.5656063625 0.3765957453125 0.5556660046874999 0.3531914890625 0.5576540750000001 0.329787234375 0.5785288265624999 0.33404255312500003 0.5874751484375
37 0.20212765937500002 0.5556660046874999 0.19361702187500002 0.5606361828125 0.1851063828125 0.5765407546875 0.2085106390625 0.5805168984375 0.238297871875 0.552683896875 0.20212765937500002 0.5556660046874999
37 0.2638297875 0.577534790625 0.28085106406250004 0.566600396875 0.28085106406250004 0.5556660046874999 0.261702128125 0.54671968125 0.2531914890625 0.552683896875 0.25106382968749996 0.5695825046875 0.2638297875 0.577534790625
37 0.3170212765625 0.5576540750000001 0.3170212765625 0.5656063625 0.306382978125 0.5725646125 0.33191489375 0.5755467203125 0.3425531921875 0.5695825046875 0.3446808515625 0.559642146875 0.325531915625 0.55467196875 0.3170212765625 0.5576540750000001
27 0.029787234375 0.6421471171875 0.038297871875 0.6491053671875 0.05106382968749999 0.6461232609375 0.06808510625 0.621272365625 0.08936170156249999 0.6172962234375 0.093617021875 0.6043737578124999 0.08936170156249999 0.6013916499999999 0.03191489375 0.5984095421875 0.0148936171875 0.6053677937499999 0.002127659375 0.6182902578125 0.00425531875 0.6371769390625001 0.029787234375 0.6421471171875