13 0.8049792531250001 0.1490196078125 0.7676348546875 0.1627450984375 0.74896265625 0.159803921875 0.734439834375 0.1950980390625 0.7365145234375 0.23823529375 0.755186721875 0.2421568625 0.8609958499999999 0.2392156859375 0.8672199171875 0.232352940625 0.865145228125 0.18823529375 0.854771784375 0.18039215625 0.8526970953124999 0.163725490625 0.8049792531250001 0.1490196078125
13 0.1825726140625 0.16176470625 0.13070539375 0.1607843140625 0.116182571875 0.194117646875 0.1182572609375 0.23823529375 0.134854771875 0.2421568625 0.2427385890625 0.2392156859375 0.24896265624999997 0.23333333281250002 0.2468879671875 0.18823529375 0.23236514531250002 0.163725490625 0.199170125 0.1549019609375 0.1825726140625 0.16176470625
10 0.514522821875 0.0745098046875 0.51037344375 0.0647058828125 0.48132780156250005 0.06274509843750001 0.47095435625000004 0.0647058828125 0.46887966875 0.0745098046875 0.454356846875 0.0794117640625 0.421161825 0.0774509796875 0.40871369218750003 0.08039215625 0.40456431562499995 0.14019607812499998 0.4170124484375 0.1549019609375 0.41908713750000004 0.1725490203125 0.5373443984375 0.1754901953125 0.5622406640625 0.1705882359375 0.5580912859375 0.1578431375 0.5726141078125 0.132352940625 0.5705394187499999 0.08431372499999999 0.560165975 0.078431371875 0.5269709546875 0.078431371875 0.514522821875 0.0745098046875
12 0.5583402484375 0.267639215625 0.55312863125 0.26224705937500004 0.5440103734374999 0.2579333328125 0.544661825 0.24545392187499998 0.540101659375 0.24283529375000001 0.52479460625 0.24021568593749998 0.501018671875 0.2411401953125 0.49254979218750006 0.2436058828125 0.49157261406249997 0.2573166671875 0.4873402484375 0.25962843125 0.47756846406250003 0.259936275 0.45802697031250006 0.2590117640625 0.4436970953125 0.2570088234375 0.4358817421875 0.2573166671875 0.435230290625 0.26178529375 0.4508630703125 0.26425 0.4642157671875 0.2707205875 0.48440871406249997 0.271336275 0.48310580937500003 0.2782696078125 0.4863630703125 0.2813509796875 0.48962033125 0.2779617640625 0.495481328125 0.2739558828125 0.5029730296875 0.272260784375 0.5029730296875 0.2707205875 0.5029730296875 0.2682558828125 0.5124170125 0.266252940625 0.520560165625 0.26579019531250003 0.5264232359375 0.2682558828125 0.5296784234375 0.2725696078125 0.5361929453125 0.2739558828125 0.5472655609375 0.278731371875 0.54987136875 0.2847401953125 0.5557344390625001 0.2852019609375 0.5599688796875 0.28212156875 0.5762531125 0.28396960781249997 0.576002075 0.27757352968750004 0.5563858921875 0.2759588234375 0.559643153125 0.27241470625 0.5583402484375 0.267639215625
30 0.7261410781250001 0.2911764703125 0.7116182578125 0.2754901953125 0.7116182578125 0.3049019609375 0.7365145234375 0.313725490625 0.744813278125 0.33823529375 0.7883817421875 0.3333333328125 0.8091286312499999 0.3225490203125 0.8070539421875 0.29607843125 0.7738589218749999 0.2813725484375 0.7593361 0.2813725484375 0.7261410781250001 0.2911764703125
19 0.844398340625 0.4254901953125 0.8526970953124999 0.44019607812499995 0.8775933609375001 0.43823529375000003 0.9066390046875 0.4450980390625 0.894190871875 0.41960784375 0.8962655609375 0.40490196093749997 0.8921161828124999 0.40098039218750003 0.8589211625000001 0.40392156874999996 0.844398340625 0.4254901953125
28 0.8278008296875001 0.351960784375 0.7966804984375 0.3568627453125 0.7800829874999999 0.35392156875 0.7614107890625 0.3578431375 0.7593361 0.3686274515625 0.784232365625 0.378431371875 0.7966804984375 0.40098039218750003 0.8091286312499999 0.40392156874999996 0.815352696875 0.398039215625 0.8402489624999999 0.39607843125 0.8589211625000001 0.38725490156250003 0.885892115625 0.382352940625 0.8962655609375 0.36274509843749997 0.875518671875 0.35490196093750004 0.8464730296875 0.355882353125 0.8278008296875001 0.351960784375
15 0.6784232359375 0.42941176406250003 0.6970954359375 0.4431372546875 0.724066390625 0.43823529375000003 0.7427385890625 0.4264705875 0.7468879671875001 0.4166666671875 0.7385892109375 0.40490196093749997 0.7219917015624999 0.3970588234375 0.6867219921875 0.4088235296875 0.6784232359375 0.42941176406250003
29 0.7468879671875001 0.5647058828125 0.7116182578125 0.6166666671875001 0.7365145234375 0.6421568625 0.7821576765625 0.6421568625 0.7987551875000001 0.648039215625 0.8174273859375001 0.6431372546875 0.8278008296875001 0.648039215625 0.8360995843750001 0.6431372546875 0.865145228125 0.6392156859375 0.883817428125 0.6245098046875001 0.885892115625 0.609803921875 0.865145228125 0.5794117640625001 0.85062240625 0.5647058828125 0.7946058093749999 0.5568627453125 0.7468879671875001 0.5647058828125
29 0.12863070468749999 0.565686275 0.12448132812499998 0.586274509375 0.1078838171875 0.609803921875 0.09751037343749999 0.613725490625 0.1182572609375 0.6421568625 0.1431535265625 0.6460784312500001 0.1514522828125 0.6411764703125 0.163900415625 0.6421568625 0.1784232359375 0.65 0.18879668125 0.6450980390625001 0.20954356875000002 0.6490196078125 0.21784232343749999 0.6431372546875 0.24066390000000001 0.6431372546875 0.24896265624999997 0.6313725484375 0.265560165625 0.6254901953124999 0.2676348546875 0.609803921875 0.23651452343749998 0.578431371875 0.234439834375 0.5666666671875 0.1784232359375 0.56176470625 0.1763485484375 0.5588235296875 0.12863070468749999 0.565686275
24 0.52904564375 0.6352941171875 0.506224065625 0.6264705875 0.46887966875 0.6352941171875 0.4522821578125 0.6313725484375 0.4128630703125 0.6323529406249999 0.4066390046875 0.6794117640625 0.41908713750000004 0.7235294125 0.46058091250000005 0.7254901953124999 0.47095435625000004 0.73039215625 0.514522821875 0.73039215625 0.564315353125 0.7235294125 0.5746887968750001 0.6921568625 0.5726141078125 0.640196078125 0.5663900421875 0.6323529406249999 0.5373443984375 0.6313725484375 0.52904564375 0.6352941171875
17 0.12863070468749999 0.3 0.134854771875 0.3254901953125 0.12863070468749999 0.33725490156250004 0.1576763484375 0.3705882359375 0.1618257265625 0.36666666718749996 0.19087136875 0.36960784375 0.184647303125 0.35 0.199170125 0.3392156859375 0.19087136875 0.3245098046875 0.2033195015625 0.3 0.199170125 0.29607843125 0.163900415625 0.286274509375 0.1473029046875 0.2892156859375 0.12863070468749999 0.3