23 0.49921875 0.6625 0.165625 0.0984375
29 0.79375 0.590625 0.1640625 0.0859375
29 0.20390625 0.5921875 0.1640625 0.0890625
13 0.7953125 0.19765625 0.121875 0.0578125
0 0.81875 0.50625 0.1296875 0.0828125
28 0.821875 0.3328125 0.13203125 0.05703125
5 0.7953125 0.22890625 0.10234375 0.05546875
35 0.858 0.279287721875 0.852 0.2764761015625 0.8300000000000001 0.278350515625 0.8099999999999999 0.285848171875 0.77 0.278350515625 0.766 0.2671040296875 0.778 0.2530459234375 0.754 0.25023430156250004 0.73 0.25866916562500003 0.724 0.284910965625 0.752 0.2970946578125 0.8300000000000001 0.2905342078125 0.858 0.279287721875
15 0.736 0.23617619531249998 0.726 0.22774133124999998 0.71 0.2258669171875 0.696 0.2296157453125 0.6639999999999999 0.2296157453125 0.688 0.25398312968750003 0.702 0.25585754375 0.734 0.251171509375 0.736 0.23617619531249998
11 0.568 0.18181818125 0.5820000000000001 0.1433926890625 0.5780000000000001 0.09465791875 0.544 0.0890346765625 0.52 0.07872539843750001 0.514 0.0693533265625 0.48600000000000004 0.0693533265625 0.442 0.0918462984375 0.42800000000000005 0.09465791875 0.42400000000000004 0.1002811625 0.422 0.1433926890625 0.438 0.164011246875 0.43200000000000005 0.180880975 0.568 0.18181818125
17 0.5599999999999999 0.2942830359375 0.5780000000000001 0.2802249296875 0.572 0.26897844375 0.5559999999999999 0.2614807875 0.538 0.2605435796875 0.496 0.2774133078125 0.48600000000000004 0.285848171875 0.45199999999999996 0.2970946578125 0.45199999999999996 0.332708528125 0.466 0.3411433921875 0.476 0.3411433921875 0.5599999999999999 0.2942830359375