1 0.5799180328125 0.4808429125 0.596311475 0.4750957859375 0.596311475 0.455938696875 0.56967213125 0.4568965515625 0.5655737703125 0.4798850578125 0.5799180328125 0.4808429125
1 0.6639344265625 0.3840996171875 0.70901639375 0.3917624515625 0.721311475 0.386015325 0.743852459375 0.385057471875 0.7397540984375001 0.378352490625 0.715163934375 0.368773946875 0.6987704921875 0.3678160921875 0.6639344265625 0.3840996171875
1 0.7807377046874999 0.3726053640625 0.8012295078125 0.3678160921875 0.7991803281250001 0.348659003125 0.7745901640625 0.348659003125 0.770491803125 0.364942528125 0.7807377046874999 0.3726053640625
9 0.7356557375 0.41091954062499997 0.729508196875 0.418582375 0.7336065578125 0.43295019218749997 0.721311475 0.4425287359375 0.7069672125 0.4425287359375 0.7069672125 0.4473180078125 0.7131147546875 0.4521072796875 0.741803278125 0.4501915703125 0.7540983609375 0.455938696875 0.7540983609375 0.4664750953125 0.743852459375 0.47222222187499996 0.7807377046874999 0.47892720312500003 0.8237704921875 0.46072796875 0.8319672125 0.43007662812499997 0.8237704921875 0.4099616859375 0.7889344265625 0.4003831421875 0.7602459015624999 0.3994252875 0.7356557375 0.41091954062499997
12 0.7520491796875 0.25670498125 0.729508196875 0.2854406125 0.7356557375 0.3007662828125 0.7459016390625 0.306513409375 0.784836065625 0.3045977015625 0.7950819671875 0.31034482812499997 0.8073770484375 0.2835249046875 0.8176229515625 0.280651340625 0.8155737703125 0.2701149421875 0.7950819671875 0.2605363984375 0.770491803125 0.2557471265625 0.7520491796875 0.25670498125
12 0.7745901640625 0.2509578546875 0.7745901640625 0.24425287343750002 0.7520491796875 0.24329501874999998 0.7520491796875 0.2528735625 0.7745901640625 0.2509578546875
13 0.13729508125 0.1973180078125 0.1413934421875 0.23371647499999998 0.20491803281249998 0.235632184375 0.2643442625 0.231800765625 0.2663934421875 0.1858237546875 0.25 0.173371646875 0.2540983609375 0.1618773953125 0.2069672125 0.15613026875 0.14754098437500002 0.15900383125 0.13729508125 0.1973180078125
13 0.8217213109375001 0.154214559375 0.8094262296875 0.154214559375 0.756147540625 0.15900383125 0.743852459375 0.193486590625 0.7459016390625 0.2327586203125 0.868852459375 0.23371647499999998 0.8709016390625001 0.186781609375 0.8586065578125 0.15900383125 0.8299180328125001 0.15900383125 0.8217213109375001 0.154214559375
10 0.4959016390625 0.06226053593749999 0.4501372953125 0.07758620625 0.424180328125 0.079501915625 0.4200819671875 0.131226053125 0.4323770484375 0.151340996875 0.4323770484375 0.1695402296875 0.5860655734375 0.170498084375 0.56967213125 0.15900383125 0.58401639375 0.12931034531250002 0.5860655734375 0.0842911875 0.577868853125 0.079501915625 0.520491803125 0.0756704984375 0.5102459015624999 0.061302681250000005 0.4959016390625 0.06226053593749999
18 0.4323770484375 0.5009578546875 0.422131146875 0.5057471265625 0.4282786890625 0.5249042140625 0.422131146875 0.5383141765625 0.4323770484375 0.5431034484375 0.5307377046874999 0.5431034484375 0.5368852453125 0.5383141765625 0.52663934375 0.52586206875 0.52663934375 0.5105363984375 0.534836065625 0.4990421453125 0.528688525 0.4913793109375 0.5143442625 0.48850574687500004 0.4323770484375 0.5009578546875
26 0.9508196718749999 0.5842911875000001 0.9795081968750001 0.5708812265625001 0.9774590156249999 0.546934865625 0.9262295078125 0.5316091953125001 0.9077868859375 0.537356321875 0.9508196718749999 0.5842911875000001
21 0.6885245906249999 0.5459770109375001 0.6885245906249999 0.563218390625 0.7110655734375 0.5603448281250001 0.72336065625 0.5680076625 0.75 0.5680076625 0.7991803281250001 0.5459770109375001 0.7827868859375 0.540229884375 0.778688525 0.5335249046875 0.7602459015624999 0.5249042140625 0.7459016390625 0.5249042140625 0.6885245906249999 0.5459770109375001
29 0.8073770484375 0.544061303125 0.756147540625 0.5526819921875 0.756147540625 0.5670498078125 0.7479508203125 0.576628353125 0.73770491875 0.57758620625 0.743852459375 0.5871647515625 0.72336065625 0.5996168578125001 0.72336065625 0.6063218390625 0.7336065578125 0.6082375484375 0.7459016390625 0.62643678125 0.7889344265625 0.62643678125 0.8053278687500001 0.618773946875 0.8278688531249999 0.62356321875 0.8381147546875001 0.6321839078125 0.846311475 0.6254789265625 0.8647540984375001 0.6245210734375 0.8647540984375001 0.613984675 0.8893442625000001 0.6091954015625001 0.8913934421875 0.5938697312500001 0.883196721875 0.5938697312500001 0.8606557374999999 0.5545977015625 0.8565573765625001 0.5517241375 0.83401639375 0.5526819921875 0.8073770484375 0.544061303125
29 0.13729508125 0.5852490421875001 0.1352459015625 0.62356321875 0.1413934421875 0.6273946359375 0.174180328125 0.6254789265625 0.20491803281249998 0.628352490625 0.2254098359375 0.6226053640625 0.2397540984375 0.6273946359375 0.2602459015625 0.6245210734375 0.258196721875 0.6159003828125 0.241803278125 0.60727969375 0.243852459375 0.5948275859375001 0.2643442625 0.5900383140625001 0.2540983609375 0.5545977015625 0.2479508203125 0.5517241375 0.1495901640625 0.5517241375 0.13729508125 0.5852490421875001
23 0.5327868859375 0.6197318 0.5040983609375 0.612068965625 0.479508196875 0.6197318 0.46311475468749996 0.6159003828125 0.4282786890625 0.6168582375 0.422131146875 0.6513409968749999 0.4323770484375 0.705938696875 0.528688525 0.7116858234375 0.5327868859375 0.70785440625 0.577868853125 0.7049808421875 0.5881147546875 0.6714559390625 0.58401639375 0.6197318 0.5799180328125 0.6168582375 0.547131146875 0.6168582375 0.5327868859375 0.6197318