23 0.49921875 0.6625 0.165625 0.09765625
29 0.79609375 0.59453125 0.16015625 0.0796875
13 0.79375 0.20625 0.128125 0.08046875
29 0.20390625 0.59140625 0.1640625 0.0859375
35 0.73203125 0.3765625 0.10390625 0.05078125
28 0.914 0.44798500468749997 0.9 0.466729146875 0.906 0.47328959687500005 0.9279999999999999 0.4742268046875 0.9400000000000001 0.46204311093749995 0.9259999999999999 0.453608246875 0.9259999999999999 0.44798500468749997 0.9460000000000001 0.44236176250000003 0.9460000000000001 0.4161199625 0.9039999999999999 0.3973758203125 0.8699999999999999 0.40206185625 0.866 0.412371134375 0.876 0.419868790625 0.8800000000000001 0.43861293281249997 0.914 0.44798500468749997
0 0.8640000000000001 0.40112464843750006 0.9039999999999999 0.40206185625 0.952 0.3570759140625 0.952 0.3411433921875 0.9380000000000001 0.3289597 0.9 0.3158388 0.89 0.30834114375 0.8779999999999999 0.3074039359375 0.8240000000000001 0.33645735781249997 0.82 0.358950328125 0.8539999999999999 0.38425492031249997 0.8539999999999999 0.3973758203125 0.8640000000000001 0.40112464843750006
25 0.704 0.5173383312500001 0.724 0.533270853125 0.732 0.536082475 0.76 0.5351452671875 0.788 0.520149953125 0.786 0.507029053125 0.8 0.5051546390625 0.8019999999999999 0.5014058109375 0.788 0.5014058109375 0.75 0.49015932500000003 0.708 0.4948453609375 0.704 0.5014058109375 0.71 0.5004686031250001 0.716 0.506091846875 0.704 0.5173383312500001
9 0.778 0.45641986875 0.754 0.452671040625 0.752 0.463917525 0.774 0.4676663546875 0.786 0.4648547328125 0.778 0.45641986875
9 0.702 0.46204311093749995 0.704 0.466729146875 0.71 0.4714151828125 0.738 0.4714151828125 0.74 0.460168696875 0.778 0.44329896875 0.818 0.44329896875 0.842 0.43580131250000004 0.8480000000000001 0.4283036546875 0.834 0.4245548265625 0.8240000000000001 0.4283036546875 0.8039999999999999 0.4245548265625 0.8 0.4161199625 0.77 0.4161199625 0.754 0.41049672031249995 0.744 0.419868790625 0.72 0.4226804125 0.704 0.43580131250000004 0.702 0.44329896875 0.724 0.447047796875 0.722 0.4573570765625 0.702 0.46204311093749995
11 0.568 0.18181818125 0.58 0.15370196875 0.5780000000000001 0.09465791875 0.546 0.090909090625 0.528 0.0815370203125 0.528 0.07122774062500001 0.49400000000000005 0.0656044984375 0.48200000000000004 0.076850984375 0.42000000000000004 0.096532334375 0.42400000000000004 0.15370196875 0.43600000000000005 0.164011246875 0.43 0.180880975 0.568 0.18181818125