1 0.5510638296875 0.48807157031250004 0.5723404249999999 0.4990059640625 0.5851063828124999 0.491053678125 0.5829787234375 0.480119284375 0.5723404249999999 0.47415507031250004 0.5510638296875 0.4771371765625 0.5510638296875 0.48807157031250004
1 0.797872340625 0.49701789218750003 0.8085106390625001 0.50397614375 0.8297872343750001 0.49602385625 0.827659575 0.47614314062499996 0.8085106390625001 0.47415507031250004 0.8 0.4771371765625 0.797872340625 0.49701789218750003
1 0.8510638296874999 0.37972167031250004 0.8574468078124999 0.3926441359375 0.86808510625 0.38469184843750004 0.8829787234375001 0.38469184843750004 0.893617021875 0.39463220625 0.9 0.3916501 0.90425531875 0.3836978125 0.893617021875 0.374751490625 0.893617021875 0.3618290265625 0.8638297875 0.3618290265625 0.8638297875 0.3707753484375 0.8510638296874999 0.37972167031250004
1 0.7085106390625 0.3618290265625 0.6808510640625001 0.38767395625 0.7446808515625001 0.3836978125 0.765957446875 0.38767395625 0.7638297875 0.3777335984375 0.7361702125 0.367793240625 0.73191489375 0.3618290265625 0.7085106390625 0.3618290265625
12 0.7574468078125001 0.36580516875 0.76808510625 0.38469184843750004 0.797872340625 0.3836978125 0.8234042546874999 0.389662028125 0.8382978718749999 0.3618290265625 0.8489361703125 0.35884691874999997 0.8446808515625 0.349900596875 0.825531915625 0.340954275 0.7787234046875 0.3379721671875 0.7574468078125001 0.36580516875
13 0.8531914890625 0.17892644062500002 0.8382978718749999 0.17793240625 0.8212765953125001 0.18190854843749998 0.7829787234375 0.18190854843749998 0.770212765625 0.21769383750000001 0.772340425 0.2584493046875 0.9 0.25944334062499996 0.9021276593750001 0.21073558593750003 0.8872340421875 0.18190854843749998 0.8638297875 0.18489065625 0.8531914890625 0.17892644062500002
13 0.1510638296875 0.18190854843749998 0.14042553124999999 0.21371769375 0.1425531921875 0.2584493046875 0.161702128125 0.2634194828125 0.270212765625 0.25944334062499996 0.274468084375 0.208747515625 0.25744680781249996 0.18091451249999999 0.206382978125 0.17693837031249998 0.1510638296875 0.18190854843749998
10 0.493617021875 0.0844930421875 0.48510638281249996 0.096421471875 0.43829787187499997 0.099403578125 0.4361702125 0.16302186875 0.4489361703125 0.1928429421875 0.597872340625 0.1928429421875 0.5893617015625 0.182902584375 0.602127659375 0.161033796875 0.606382978125 0.1043737578125 0.6 0.1003976140625 0.54042553125 0.0914512921875 0.529787234375 0.077534790625 0.493617021875 0.0844930421875
29 0.7829787234375 0.588469184375 0.7808510640625 0.6073558640625001 0.7638297875 0.6332007953125001 0.7489361703124999 0.6381709734375 0.7489361703124999 0.6461232609375 0.772340425 0.6660039765625 0.8212765953125001 0.665009940625 0.8319148937499999 0.6689860828125 0.8361702125000001 0.66302186875 0.9191489359375 0.6530815109375 0.9234042546874999 0.63419483125 0.90425531875 0.6242544734375 0.8914893609375 0.59045725625 0.85957446875 0.588469184375 0.8085106390625001 0.577534790625 0.7829787234375 0.588469184375
29 0.12127659531249999 0.6381709734375 0.12127659531249999 0.6461232609375 0.1446808515625 0.6689860828125 0.20425531874999997 0.6749502984375 0.2212765953125 0.6699801187500001 0.23404255312500002 0.6749502984375 0.28723404218750004 0.6600397609375 0.29574468125000003 0.63419483125 0.274468084375 0.6232604375 0.261702128125 0.59045725625 0.1531914890625 0.5894632203125 0.134042553125 0.63419483125 0.12127659531249999 0.6381709734375
18 0.44042553125 0.5387673953125 0.43829787187499997 0.5785288265624999 0.4489361703125 0.581510934375 0.47234042499999995 0.5765407546875 0.5489361703125 0.5805168984375 0.5531914890625 0.5725646125 0.5446808515625 0.559642146875 0.5531914890625 0.5387673953125 0.5468085109375 0.5298210734375 0.54042553125 0.5258449296875 0.5191489359375 0.5258449296875 0.44042553125 0.5387673953125
21 0.7234042546875 0.5576540750000001 0.7446808515625001 0.5556660046874999 0.761702128125 0.5626242546875 0.75957446875 0.574552684375 0.7765957453125 0.577534790625 0.7872340421875 0.5725646125 0.8 0.5785288265624999 0.8148936171875001 0.577534790625 0.834042553125 0.5606361828125 0.8531914890625 0.5656063625 0.85957446875 0.552683896875 0.793617021875 0.519880715625 0.7212765953125 0.54671968125 0.7234042546875 0.5576540750000001
26 1 0.584095428125 0.9872340421875 0.5805168984375 0.9510638296874999 0.585487078125 0.9382978718749999 0.5765407546875 0.9170212765624999 0.5864811140625 0.9808510640625 0.6113320078125 0.9851063828125 0.6232604375 0.99574468125 0.6232604375 1 0.6187162734375 1 0.584095428125
23 0.5234042546875 0.652087475 0.5 0.658051690625 0.47872340468749996 0.6550695828124999 0.4425531921875 0.6570576546875 0.434042553125 0.69184890625 0.4468085109375 0.7495029828125 0.5446808515625 0.75745526875 0.5617021281250001 0.7495029828125 0.597872340625 0.7495029828125 0.6085106390624999 0.7147117296875 0.606382978125 0.6640159046874999 0.6 0.6570576546875 0.54042553125 0.65606361875 0.5234042546875 0.652087475