9 0.7142857140625 0.417322834375 0.68487395 0.4448818890625 0.6890756296875 0.45964566875 0.7184873953124999 0.45866141718750003 0.752100840625 0.492125984375 0.8277310921875 0.489173228125 0.842436975 0.467519684375 0.840336134375 0.45472440937499997 0.8046218484375001 0.42224409375 0.7689075625 0.41535433125 0.7142857140625 0.417322834375
12 0.56512605 0.370078740625 0.56512605 0.37795275625 0.5798319328125 0.39074803125 0.56932773125 0.417322834375 0.6050420171875001 0.438976378125 0.6386554624999999 0.43208661406250004 0.6428571421875 0.42125984218749996 0.6323529406249999 0.41240157499999996 0.640756303125 0.38582677187500003 0.659663865625 0.382874015625 0.659663865625 0.370078740625 0.5840336140625 0.3730314953125 0.5756302515625 0.367125984375 0.56512605 0.370078740625
1 0.497899159375 0.41830708593750004 0.5189075625 0.414370078125 0.5189075625 0.39468503906249996 0.4936974796875 0.3976377953125 0.4894957984375 0.414370078125 0.497899159375 0.41830708593750004
1 0.4873949578125 0.39468503906249996 0.5168067234375 0.3927165359375 0.5147058828125 0.37204724375 0.4873949578125 0.3730314953125 0.48109243749999997 0.3897637796875 0.4873949578125 0.39468503906249996
13 0.2184873953125 0.1496062984375 0.1932773109375 0.1427165359375 0.17226890781249998 0.14665354375 0.1281512609375 0.145669290625 0.11554621875 0.1850393703125 0.117647059375 0.2214566921875 0.1386554625 0.2253937015625 0.24579831875 0.2214566921875 0.247899159375 0.17519685000000002 0.23529411718749998 0.16141732343749998 0.2331932765625 0.14665354375 0.2184873953125 0.1496062984375
13 0.75420168125 0.14468503906250002 0.7373949578125 0.1771653546875 0.7394957984375 0.2214566921875 0.7626050421875 0.2322834640625 0.8508403359375001 0.22736220468749999 0.8697478984375 0.2214566921875 0.8718487390625 0.18208661406249999 0.8550420171875001 0.145669290625 0.80042016875 0.14074803125 0.75420168125 0.14468503906250002
10 0.4915966390625 0.04035433125 0.46428571406249997 0.048228346875 0.4537815125 0.061023621875 0.40966386562499996 0.06496062968750001 0.40756302499999997 0.1289370078125 0.4264705875 0.1584645671875 0.5609243703125 0.1555118109375 0.5588235296875 0.1368110234375 0.5714285718750001 0.12598425156249998 0.5777310921875001 0.06988188906250001 0.56512605 0.062007873437500007 0.5168067234375 0.0561023625 0.502100840625 0.042322834375 0.4915966390625 0.04035433125
27 0.863445378125 0.5728346453125 0.8886554625 0.592519684375 0.8928571421875 0.60925196875 0.9222689078125 0.6033464562499999 0.9411764703125 0.58464566875 0.936974790625 0.5708661421875 0.9159663859375 0.55905511875 0.8613445375 0.561023621875 0.863445378125 0.5728346453125
21 0.30042016875 0.40649606250000003 0.3067226890625 0.41535433125 0.340336134375 0.42224409375 0.3466386546875 0.4301181109375 0.342436975 0.4438976375 0.3571428578125 0.44881889687500004 0.386554621875 0.44094488125 0.386554621875 0.414370078125 0.359243696875 0.3848425203125 0.3487394953125 0.3848425203125 0.30042016875 0.40649606250000003
18 0.521008403125 0.5442913390624999 0.527310925 0.5561023625 0.5189075625 0.5728346453125 0.525210084375 0.579724409375 0.5315126046875001 0.582677165625 0.6302521015625 0.5836614171875001 0.63445378125 0.5433070859375 0.5987394953125 0.5285433078125 0.5294117640625 0.5393700781249999 0.521008403125 0.5442913390624999
29 0.1449579828125 0.54724409375 0.1281512609375 0.5501968500000001 0.0966386546875 0.6053149609374999 0.1113445375 0.6131889765625 0.117647059375 0.6269685046875 0.1428571421875 0.6289370078125 0.15126050468750002 0.6368110234375 0.15966386562499998 0.637795275 0.1701680671875 0.6309055125 0.21008403437499998 0.6348425203125 0.2205882359375 0.62795275625 0.2415966390625 0.629921259375 0.2436974796875 0.6338582671874999 0.2563025203125 0.6309055125 0.26890756250000003 0.5915354328125 0.2373949578125 0.5620078734375 0.2373949578125 0.5521653546875 0.1890756296875 0.5413385828124999 0.17226890781249998 0.5492125984375 0.1449579828125 0.54724409375
29 0.8277310921875 0.542322834375 0.7857142859375 0.54035433125 0.752100840625 0.5492125984375 0.7373949578125 0.5935039375 0.7184873953124999 0.6003937015624999 0.7394957984375 0.6259842515625 0.794117646875 0.62795275625 0.8046218484375001 0.632874015625 0.8109243703125 0.62795275625 0.8214285718750001 0.62795275625 0.8277310921875 0.6338582671874999 0.842436975 0.6259842515625 0.863445378125 0.625 0.8676470593750001 0.6151574796875 0.8508403359375001 0.60925196875 0.8487394953124999 0.601377953125 0.8655462187499999 0.5905511812500001 0.8655462187499999 0.5816929140625 0.8508403359375001 0.56594488125 0.8508403359375001 0.5551181109375001 0.8277310921875 0.542322834375
24 0.4873949578125 0.6131889765625 0.41596638593749996 0.6151574796875 0.40756302499999997 0.6535433078125 0.41596638593749996 0.7037401578125 0.42436974843749997 0.70964566875 0.48109243749999997 0.7145669296875 0.5168067234375 0.7145669296875 0.5336134453125 0.7106299218750001 0.5588235296875 0.712598425 0.56932773125 0.7037401578125 0.5798319328125 0.6633858265625 0.5756302515625 0.6210629921875 0.5714285718750001 0.6161417328125001 0.5 0.6082677171875 0.4873949578125 0.6131889765625