23 0.49453125 0.6734375 0.16875 0.09921875
13 0.1953125 0.2125 0.13046875 0.0796875
12 0.22734375 0.31015625 0.08125 0.0515625
29 0.79609375 0.6015625 0.16484375 0.08671875
29 0.19296875 0.6015625 0.15859375 0.08671875
11 0.490625 0.12734375 0.16484375 0.11640625
1 0.1953125 0.396875 0.03671875 0.021875
0 0.14634146406249998 0.4047619046875 0.10569105625 0.4066666671875 0.07317073125 0.42095238124999995 0.06910569062500001 0.44095238124999997 0.1077235765625 0.47142857187500004 0.1585365859375 0.4733333328125 0.16056910625 0.46380952343750004 0.1788617890625 0.45238095312500004 0.20121951249999998 0.447619046875 0.20325203281249998 0.4247619046875 0.19308943125 0.42095238124999995 0.15650406562500002 0.4219047625 0.14634146406249998 0.4047619046875
9 0.2479674796875 0.4266666671875 0.205284553125 0.4247619046875 0.197154471875 0.48380952343750006 0.20325203281249998 0.487619046875 0.22560975625 0.49238095312499996 0.25 0.49047619062500003 0.24593495937499998 0.48095238125 0.2662601625 0.468571428125 0.278455284375 0.47238095312499995 0.294715446875 0.46285714218749996 0.2967479671875 0.44095238124999997 0.28861788593750004 0.431428571875 0.27032520312499997 0.4238095234375 0.2479674796875 0.4266666671875
19 0 0.5571428578125001 0.00813008125 0.5647619046875 0.004065040625 0.5695238093749999 0.032520325 0.5780952375 0.036585365625 0.5847619046875 0.052845528125 0.5838095234375 0.0508130078125 0.5685714281250001 0.08333333281250001 0.5599999999999999 0.0995934953125 0.550476190625 0.085365853125 0.548571428125 0.0670731703125 0.5552380953125 0.05691056875 0.551428571875 0.058943089062499995 0.5438095234375 0.0467479671875 0.5352380953125 0 0.5352380953125 0 0.5571428578125001
28 0.14024390312499999 0.4771428578125 0.11585365781250001 0.47428571406250003 0.08333333281250001 0.49238095312499996 0.093495934375 0.49904761875 0.1138211375 0.5028571421875 0.1341463421875 0.5171428578125 0.164634146875 0.5190476187499999 0.1686991875 0.5228571421875 0.1991869921875 0.52 0.217479675 0.507619046875 0.2520325203125 0.49619047656250004 0.2520325203125 0.49142857187500005 0.22357723593749998 0.5 0.19308943125 0.49904761875 0.172764228125 0.48 0.1585365859375 0.48 0.1544715453125 0.48380952343750006 0.14024390312499999 0.4771428578125