23 0.47578125 0.6984375 0.175 0.10390625
29 0.16328125 0.6234375 0.17109375 0.0890625
13 0.16484375 0.21875 0.13515625 0.08671875
29 0.78828125 0.6234375 0.17109375 0.090625
32 0.1328125 0.50703125 0.13046875 0.06328125
8 0.0484375 0.3625 0.071875 0.04921875
9 0.2140625 0.39375 0.17109375 0.071875
25 0.22151898750000001 0.5138339921874999 0.177215190625 0.5138339921874999 0.1624472578125 0.5207509875 0.15822784843749998 0.5247035578125 0.1666666671875 0.5256917 0.177215190625 0.538043478125 0.1751054859375 0.5533596843749999 0.19620253125 0.565217390625 0.217299578125 0.566205534375 0.24261603437499998 0.5592885375 0.24683544375 0.5474308296875 0.261603375 0.5365612640624999 0.25949367031250004 0.5217391296875 0.2510548515625 0.5207509875 0.23628692031249998 0.5286561265625 0.22151898750000001 0.5138339921874999
28 0 0.48764822187499995 0.0147679328125 0.49209486093750004 0.029535865625 0.5049407109375 0.0421940921875 0.501976284375 0.0717299578125 0.47924901249999996 0.0928270046875 0.4752964421875 0.0928270046875 0.46640316249999997 0.0738396625 0.4525691703125 0.06540084375 0.4308300390625 0 0.43948702500000003 0 0.48764822187499995
6 0.118143459375 0.36166007968749997 0.08227848125000001 0.3784584984375 0.08227848125000001 0.396245059375 0.109704640625 0.4209486171875 0.1244725734375 0.416996046875 0.118143459375 0.4081027671875 0.12236286874999999 0.387351778125 0.160337553125 0.3567193671875 0.14978902968750002 0.345849803125 0.1308016875 0.3478260875 0.11603375468749999 0.344861659375 0.118143459375 0.36166007968749997
11 0.487341771875 0.07015810312500001 0.47468354375 0.07015810312500001 0.45147679375000005 0.074110671875 0.45147679375000005 0.083003953125 0.4261603375 0.095849803125 0.3945147671875 0.0988142296875 0.3881856546875 0.14822134375 0.40295358593749997 0.1916996046875 0.4261603375 0.188735178125 0.44092827031250004 0.1916996046875 0.5527426156249999 0.1916996046875 0.54852320625 0.16897233125 0.5590717296875 0.1472332015625 0.561181434375 0.10375494062499999 0.5506329109375 0.0978260875 0.5337552750000001 0.09683794531249999 0.49367088593749997 0.078063240625 0.487341771875 0.07015810312500001