9 0.44372294375 0.4625506078125 0.44805194843749996 0.4483805671875 0.378787878125 0.406882590625 0.316017315625 0.4089068828125 0.29870129843750004 0.4170040484375 0.29220779218750004 0.43319838125 0.27272727343750003 0.44433198437500004 0.27272727343750003 0.4534412953125 0.274891775 0.45647773281250004 0.316017315625 0.45647773281250004 0.33116883124999996 0.4625506078125 0.3398268390625 0.4676113359375 0.322510821875 0.47874493906250004 0.32467532499999996 0.482793521875 0.3549783546875 0.48684210468750005 0.3614718609375 0.482793521875 0.3982683984375 0.48380566875 0.422077921875 0.47874493906250004 0.44372294375 0.4625506078125
12 0.17532467499999999 0.4220647765625 0.18181818125 0.4089068828125 0.20562770625 0.4028340078125 0.20562770625 0.3947368421875 0.2012987015625 0.3805668015625 0.183982684375 0.37955465625 0.16883116874999998 0.3836032390625 0.16883116874999998 0.396761134375 0.1580086578125 0.4048583 0.1645021640625 0.42105263125 0.17532467499999999 0.4220647765625
13 0.22294372343750002 0.11538461562499999 0.11904761875 0.11538461562499999 0.10173160156250001 0.148785425 0.10173160156250001 0.1923076921875 0.10822510781250001 0.19534412968749998 0.21861471875 0.196356275 0.23593073593749997 0.19331983749999998 0.2380952375 0.15182186250000002 0.22294372343750002 0.11538461562499999
13 0.824675325 0.196356275 0.8376623375 0.2054655875 0.8766233765625 0.19433198437500002 0.8766233765625 0.1457489875 0.865800865625 0.11538461562499999 0.81818181875 0.11538461562499999 0.8116883109374999 0.1113360328125 0.759740259375 0.11538461562499999 0.7424242421875 0.143724696875 0.7424242421875 0.19433198437500002 0.7640692640625 0.19939271249999999 0.824675325 0.196356275
10 0.4047619046875 0.036437246875 0.409090909375 0.0951417 0.422077921875 0.1143724703125 0.4134199140625 0.12651821875 0.5649350656250001 0.12651821875 0.5800865796875 0.0860323890625 0.575757575 0.03137651875 0.5281385281250001 0.02834008125 0.5151515156250001 0.014170040625 0.49350649375 0.0091093125 0.47835497812499994 0.0091093125 0.45887445937500004 0.02530364375 0.4134199140625 0.03137651875 0.4047619046875 0.036437246875
1 0.125541125 0.4514170046875 0.1450216453125 0.4514170046875 0.1428571421875 0.4251012140625 0.1168831171875 0.4220647765625 0.1125541125 0.4261133609375 0.1125541125 0.446356275 0.125541125 0.4514170046875
1 0.2554112546875 0.4251012140625 0.24458874531250002 0.42105263125 0.225108225 0.4251012140625 0.22294372343750002 0.441295546875 0.23593073593749997 0.4473684203125 0.23160173125 0.45647773281250004 0.240259740625 0.45647773281250004 0.2554112546875 0.4493927125 0.2554112546875 0.4251012140625
1 0.3549783546875 0.4251012140625 0.352813853125 0.41801619375000004 0.33116883124999996 0.41093117343749996 0.322510821875 0.4119433203125 0.322510821875 0.4261133609375 0.3268398265625 0.438259109375 0.33766233749999996 0.4433198375 0.352813853125 0.438259109375 0.3549783546875 0.4251012140625
1 0.1298701296875 0.39979757031249996 0.127705628125 0.38967611406249997 0.09956709999999999 0.39068825937499996 0.0735930734375 0.4119433203125 0.075757575 0.42004048593750004 0.0822510828125 0.4170040484375 0.1601731609375 0.41497975781249996 0.153679653125 0.4048583 0.1298701296875 0.39979757031249996
1 0.26406926406250003 0.42105263125 0.246753246875 0.39271255 0.22294372343750002 0.39271255 0.20995670937500002 0.4018218625 0.183982684375 0.406882590625 0.17965367968749998 0.4119433203125 0.20346320312500002 0.42105263125 0.24242424218749997 0.41801619375000004 0.2554112546875 0.42408906875 0.26406926406250003 0.42105263125
1 0.290043290625 0.43421052656250003 0.29220779218750004 0.4220647765625 0.29437229375 0.42004048593750004 0.29437229375 0.4119433203125 0.29220779218750004 0.4089068828125 0.28571428593750003 0.40587044531250005 0.27922077968750003 0.40587044531250005 0.2770562765625 0.4048583 0.2705627703125 0.4048583 0.266233765625 0.40587044531250005 0.26406926406250003 0.40991902812500003 0.24458874531250002 0.4089068828125 0.240259740625 0.40991902812500003 0.240259740625 0.41295546562499996 0.24458874531250002 0.419028340625 0.246753246875 0.419028340625 0.2554112546875 0.4230769234375 0.2554112546875 0.42408906875 0.259740259375 0.4251012140625 0.266233765625 0.43319838125 0.26406926406250003 0.43421052656250003 0.26406926406250003 0.438259109375 0.266233765625 0.441295546875 0.2705627703125 0.44230769218750005 0.27922077968750003 0.4402834015625 0.290043290625 0.43421052656250003
23 0.5670995671875 0.6933198375 0.5779220781250001 0.6396761140625 0.5714285718750001 0.5981781374999999 0.49134199062499995 0.593117409375 0.46536796562499994 0.5981781374999999 0.4134199140625 0.5991902828125 0.4047619046875 0.6042510125 0.402597403125 0.6589068828125 0.4134199140625 0.694331984375 0.508658009375 0.6993927125 0.5670995671875 0.6933198375
26 0.274891775 0.536437246875 0.2554112546875 0.5384615390625 0.24242424218749997 0.5516194328124999 0.240259740625 0.5748987859375 0.274891775 0.57894736875 0.28571428593750003 0.584008096875 0.3008658015625 0.56983805625 0.29220779218750004 0.539473684375 0.274891775 0.536437246875
21 0.140692640625 0.45040485781250006 0.10822510781250001 0.4483805671875 0.09307359375 0.45748987812499997 0.0952380953125 0.47469635625000006 0.1168831171875 0.4706477734375 0.17099567031250001 0.4898785421875 0.1926406921875 0.48886639687500005 0.1883116890625 0.4757085015625 0.20346320312500002 0.4676113359375 0.225108225 0.47267206406250006 0.23160173125 0.4676113359375 0.23160173125 0.460526315625 0.183982684375 0.4392712546875 0.1666666671875 0.4362348171875 0.14935065 0.438259109375 0.14935065 0.446356275 0.140692640625 0.45040485781250006
29 0.23593073593749997 0.56680161875 0.21861471875 0.52834008125 0.11471861406249999 0.5313765187499999 0.10822510781250001 0.5516194328124999 0.0822510828125 0.5748987859375 0.097402596875 0.621457490625 0.10606060625 0.621457490625 0.10822510781250001 0.615384615625 0.1233766234375 0.6113360328125 0.1428571421875 0.6204453437499999 0.153679653125 0.615384615625 0.2012987015625 0.618421053125 0.21645021718750002 0.6113360328125 0.233766234375 0.6103238859375 0.2554112546875 0.5921052625 0.25757575781250003 0.5799595140625 0.23593073593749997 0.56680161875
29 0.8636363640625 0.5293522265624999 0.8203463203125001 0.5313765187499999 0.803030303125 0.5242914984375 0.7857142859375 0.5323886640625 0.759740259375 0.5313765187499999 0.746753246875 0.5576923078125 0.7424242421875 0.5759109312499999 0.7640692640625 0.587044534375 0.7640692640625 0.5910931171875 0.746753246875 0.5941295546875 0.7510822515625 0.6082995953125 0.7748917750000001 0.609311740625 0.7813852812500001 0.615384615625 0.7922077921875 0.6103238859375 0.8138528140625001 0.615384615625 0.8203463203125001 0.6103238859375 0.878787878125 0.6082995953125 0.878787878125 0.593117409375 0.8982683984375001 0.5860323890625 0.8636363640625 0.5293522265624999