23 0.49921875 0.66875 0.16796875 0.0984375
29 0.79921875 0.6 0.16171875 0.08046875
13 0.79765625 0.20703125 0.1296875 0.08125
29 0.20078125 0.596875 0.165625 0.0875
35 0.73515625 0.3796875 0.10546875 0.05078125
28 0.8744939265625 0.4053030296875 0.8704453437499999 0.415719696875 0.8805668015625001 0.42329545468749996 0.8846153843750001 0.4422348484375 0.9190283406249999 0.45170454531250004 0.9048583000000001 0.4706439390625 0.9109311734375 0.47727272656249997 0.9331983812500001 0.478219696875 0.9453441296875 0.465909090625 0.9311740890625 0.45738636406250005 0.9311740890625 0.45170454531250004 0.9514170046875 0.44602272656249997 0.9514170046875 0.419507575 0.9089068828125001 0.40056818125 0.8744939265625 0.4053030296875
0 0.8582995953125 0.38731060624999997 0.8582995953125 0.40056818125 0.8684210531250001 0.4043560609375 0.9089068828125001 0.4053030296875 0.9574898781250001 0.359848484375 0.9574898781250001 0.34375 0.9433198375 0.33143939375000003 0.9048583000000001 0.31818181874999996 0.8947368421874999 0.3106060609375 0.88259109375 0.30965909062499997 0.8279352234375 0.3390151515625 0.8238866390625 0.361742425 0.8582995953125 0.38731060624999997
25 0.710526315625 0.4990530296875 0.7064777328125 0.5056818187500001 0.7125506078125 0.5047348484375 0.7186234812500001 0.5104166671875 0.7064777328125 0.521780303125 0.7267206484375001 0.5378787875000001 0.7348178140625 0.540719696875 0.7631578953125 0.5397727265625 0.791497975 0.5246212124999999 0.789473684375 0.5113636359375 0.803643725 0.509469696875 0.805668015625 0.5056818187500001 0.791497975 0.5056818187500001 0.7530364375 0.49431818125 0.710526315625 0.4990530296875
9 0.7813765187499999 0.46022727343750003 0.7570850203124999 0.45643939375000003 0.7550607281249999 0.4678030296875 0.7773279359374999 0.471590909375 0.789473684375 0.46875 0.7813765187499999 0.46022727343750003
9 0.8279352234375 0.43181818125 0.8076923078125 0.428030303125 0.803643725 0.419507575 0.7732793515624999 0.419507575 0.7570850203124999 0.4138257578125 0.7469635625 0.42329545468749996 0.7226720640625001 0.42613636406250005 0.7064777328125 0.4393939390625 0.704453440625 0.446969696875 0.7267206484375001 0.450757575 0.7246963562500001 0.4611742421875 0.704453440625 0.465909090625 0.7064777328125 0.4706439390625 0.7125506078125 0.47537878750000007 0.7408906875 0.47537878750000007 0.7429149796875001 0.4640151515625 0.7813765187499999 0.446969696875 0.8218623484375 0.446969696875 0.846153846875 0.4393939390625 0.8522267203125 0.43181818125 0.8380566796875 0.428030303125 0.8279352234375 0.43181818125
11 0.43522267187499997 0.1647727265625 0.429149796875 0.18181818125 0.5688259109375 0.1827651515625 0.5809716593750001 0.1543560609375 0.57894736875 0.09469697031249999 0.5465587046875 0.090909090625 0.52834008125 0.08143939375 0.52834008125 0.0710227265625 0.493927125 0.065340909375 0.4817813765625 0.07670454531250001 0.419028340625 0.096590909375 0.4230769234375 0.1543560609375 0.43522267187499997 0.1647727265625