23 0.52265625 0.68671875 0.17734375 0.10625
29 0.20546875 0.6109375 0.175 0.0921875
29 0.8375 0.60859375 0.175 0.0953125
9 0.7670940171875 0.544 0.8055555562500001 0.558 0.816239315625 0.567 0.8354700859375 0.568 0.8910256406249999 0.557 0.9166666671874999 0.5589999999999999 0.9209401703125 0.564 0.9380341874999999 0.5549999999999999 0.940170940625 0.523 0.9209401703125 0.506 0.89957265 0.497 0.790598290625 0.5 0.7628205125 0.516 0.7670940171875 0.544
28 0.7884615390625 0.487 0.8119658125000001 0.483 0.8333333328125001 0.49000000000000005 0.897435896875 0.491 0.9188034187499999 0.487 0.9188034187499999 0.454 0.8782051281250001 0.43600000000000005 0.8589743593750001 0.43899999999999995 0.846153846875 0.43 0.8482905984375 0.43600000000000005 0.8397435890624999 0.44000000000000006 0.8141025640624999 0.43899999999999995 0.7884615390625 0.47000000000000003 0.7884615390625 0.487
30 0.7735042734375 0.485 0.7863247859375 0.485 0.8012820515625 0.454 0.790598290625 0.45 0.7863247859375 0.44000000000000006 0.775641025 0.438 0.7564102562499999 0.44400000000000006 0.7457264953125 0.457 0.7371794875 0.457 0.7393162390625 0.484 0.7670940171875 0.492 0.7735042734375 0.485
19 0.6111111109375 0.284 0.59401709375 0.284 0.56837606875 0.29500000000000004 0.5662393156250001 0.303 0.5876068375 0.319 0.5876068375 0.331 0.64957265 0.308 0.6303418796875 0.29 0.6111111109375 0.284
25 0.47863247812500004 0.335 0.5128205125 0.33599999999999997 0.5299145296875001 0.321 0.5235042734375 0.303 0.540598290625 0.3 0.5427350421875 0.296 0.525641025 0.286 0.5042735046875 0.279 0.4871794875 0.279 0.4764957265625 0.273 0.44444444375 0.29300000000000004 0.45940170937499997 0.32999999999999996 0.47863247812500004 0.335
16 0.6709401703125 0.137 0.7136752140625 0.129 0.6196581203125 0.124 0.6068376062499999 0.128 0.615384615625 0.13899999999999998 0.6132478625 0.155 0.6324786328124999 0.161 0.64957265 0.146 0.6709401703125 0.137
19 0.8418803421875 0.11000000000000001 0.8311965812500001 0.11599999999999999 0.822649571875 0.159 0.846153846875 0.19 0.8547008546875 0.155 0.8418803421875 0.11000000000000001
11 0.547008546875 0.054000000000000006 0.521367521875 0.05 0.5064102562499999 0.052000000000000005 0.5021367515625 0.061 0.4636752140625 0.079 0.446581196875 0.08 0.440170940625 0.086 0.440170940625 0.133 0.45512820468750004 0.154 0.4508547015625 0.173 0.485042734375 0.176 0.59401709375 0.173 0.6068376062499999 0.141 0.5897435890625 0.122 0.596153846875 0.11200000000000002 0.608974359375 0.11000000000000001 0.6047008546875 0.08 0.572649571875 0.077 0.553418803125 0.067 0.547008546875 0.054000000000000006