23 0.5078125 0.69765625 0.178125 0.10546875
13 0.1921875 0.21171875 0.13984375 0.0875
29 0.1921875 0.625 0.16953125 0.08671875
29 0.825 0.621875 0.1734375 0.0921875
1 0.14921875 0.396875 0.0578125 0.03125
1 0.278125 0.3953125 0.040625 0.03203125
12 0.2234375 0.36953125 0.08984375 0.0546875
0 0.10085836875000001 0.44969818906250003 0.08369098750000001 0.45774647812499997 0.068669528125 0.47484909531249997 0.0729613734375 0.49195171093749995 0.109442059375 0.5211267609375 0.12446351874999999 0.5191146875 0.12875536406250002 0.5231388328125 0.16738197500000002 0.517102615625 0.20815450625 0.49094567343750006 0.2103004296875 0.4668008046875 0.169527896875 0.45875251562499997 0.15665236093749998 0.44668008124999997 0.10085836875000001 0.44969818906250003
9 0.21888412031249999 0.4768611671875 0.19742489218749998 0.503018109375 0.2210300421875 0.52414486875 0.223175965625 0.5402414484375 0.2510729609375 0.536217303125 0.24248927031249998 0.5231388328125 0.253218884375 0.5140845078125 0.2789699578125 0.5201207250000001 0.2896995703125 0.5160965796875 0.300429184375 0.5040241453125 0.2982832625 0.4839034203125 0.2660944203125 0.4668008046875 0.214592275 0.46579476875000003 0.21888412031249999 0.4768611671875
19 0 0.5928297046875 0.015021459374999999 0.605633803125 0.0257510734375 0.6066398390625001 0.0364806859375 0.59356136875 0.085836909375 0.5824949703125 0.0965665234375 0.5774647890625 0.0944206015625 0.5734406437499999 0.07081545 0.5764587531250001 0.045064378125 0.5583501 0.012875535937499998 0.5472837015625001 0 0.55801475625 0 0.5928297046875
11 0.4871244640625 0.071428571875 0.46351931406249997 0.0845070421875 0.42274678125 0.0885311875 0.4206008578125 0.1358148890625 0.44635193125 0.1338028171875 0.4742489265625 0.139839034375 0.45922746718749996 0.1579476859375 0.4506437765625 0.158953721875 0.44849785468750003 0.1760563375 0.43562231718750005 0.18209255468750002 0.585836909375 0.18209255468750002 0.575107296875 0.17102615625 0.5901287546875 0.13883299843750002 0.592274678125 0.0915492953125 0.5836909875 0.0865191140625 0.5042918453125 0.0623742453125 0.48283261875 0.066398390625 0.4871244640625 0.071428571875
14 0.3927038625 0.16297786718750001 0.4034334765625 0.1760563375 0.42703862656249997 0.1800804828125 0.44635193125 0.1780684109375 0.48497854062499995 0.13782696249999998 0.48497854062499995 0.114688128125 0.46995708125 0.10965794843750001 0.40557939843749996 0.13782696249999998 0.3927038625 0.16297786718750001
28 0.0729613734375 0.49094567343750006 0.0643776828125 0.49195171093749995 0.062231759374999994 0.50503018125 0.12017167343749999 0.551307846875 0.14806866875 0.546277665625 0.2038626609375 0.5472837015625001 0.20815450625 0.542253521875 0.1866952796875 0.542253521875 0.1652360515625 0.53420523125 0.169527896875 0.5281690140624999 0.15450643749999998 0.5211267609375 0.1437768234375 0.522132796875 0.0901287546875 0.5040241453125 0.0729613734375 0.49094567343750006