12 0.6754032265625 0.403773584375 0.6552419359375 0.42641509375000003 0.625 0.42358490625 0.616935484375 0.432075471875 0.6008064515625 0.4330188671875 0.6008064515625 0.455660378125 0.625 0.45754717031250003 0.6350806453125 0.45188679218749994 0.6633064515625 0.4481132078125 0.667338709375 0.43773584843749996 0.6814516125 0.43773584843749996 0.6995967734375 0.44716981093749997 0.71572580625 0.449056603125 0.7439516125 0.43396226406249994 0.7379032265625 0.42358490625 0.695564515625 0.40943396249999997 0.6895161296875 0.4028301890625 0.6754032265625 0.403773584375
12 0.6915322578125 0.399056603125 0.71572580625 0.39528301875 0.7137096781250001 0.39150943437499997 0.6713709671875 0.3886792453125 0.667338709375 0.3924528296875 0.6915322578125 0.399056603125
12 0.7338709671875 0.4028301890625 0.7520161296875 0.4 0.7540322578125 0.386792453125 0.7399193546875 0.3839622640625 0.7197580640625 0.3896226421875 0.7338709671875 0.4028301890625
13 0.78427419375 0.172641509375 0.7479838703125 0.1716981125 0.735887096875 0.20566037812500002 0.7379032265625 0.24433962187499997 0.7862903218749999 0.2471698109375 0.8588709671875 0.24528301875 0.8608870968750001 0.199056603125 0.848790321875 0.1716981125 0.798387096875 0.1669811328125 0.78427419375 0.172641509375
13 0.2197580640625 0.167924528125 0.20362903281250003 0.1669811328125 0.1915322578125 0.1716981125 0.151209678125 0.1716981125 0.1411290328125 0.2 0.1411290328125 0.24433962187499997 0.26209677343750004 0.24528301875 0.264112903125 0.1971698109375 0.2479838703125 0.1707547171875 0.22782258125000002 0.17452830156250002 0.2197580640625 0.167924528125
10 0.473790321875 0.081132075 0.46572580625000004 0.091509434375 0.4213709671875 0.09339622656249999 0.4193548390625 0.153773584375 0.43145161249999997 0.182075471875 0.570564515625 0.18018867968750002 0.5645161296875 0.167924528125 0.576612903125 0.1518867921875 0.5806451609375001 0.1 0.5725806453125 0.09339622656249999 0.5161290328125 0.08584905625 0.5060483875 0.07358490625 0.473790321875 0.081132075
23 0.5 0.617924528125 0.4677419359375 0.622641509375 0.42540322656249996 0.622641509375 0.41733870937499995 0.65471698125 0.429435484375 0.7103773578125 0.47782258125 0.7150943390625 0.4818548390625 0.718867925 0.5241935484375 0.717924528125 0.5302419359375 0.71415094375 0.5725806453125 0.7113207546875 0.582661290625 0.6792452828125 0.5786290328125 0.6254716984375001 0.5745967734375 0.622641509375 0.54032258125 0.62358490625 0.5 0.617924528125
29 0.12096774218749999 0.60471698125 0.12096774218749999 0.6122641515625 0.1411290328125 0.6330188671875 0.229838709375 0.6377358484375 0.2600806453125 0.6301886796875 0.2661290328125 0.6254716984375001 0.26209677343750004 0.617924528125 0.2822580640625 0.6028301890625001 0.25604838750000003 0.5783018875 0.258064515625 0.5660377359375001 0.25 0.5575471703125 0.151209678125 0.5594339625 0.12096774218749999 0.60471698125
29 0.7741935484375 0.5509433968749999 0.7479838703125 0.558490565625 0.7459677421875 0.5745283015625 0.71572580625 0.605660378125 0.7379032265625 0.632075471875 0.792338709375 0.6339622640625 0.8004032265625 0.6377358484375 0.8024193546875 0.632075471875 0.820564515625 0.632075471875 0.8266129031249999 0.636792453125 0.832661290625 0.631132075 0.854838709375 0.631132075 0.8588709671875 0.6216981125000001 0.8770161296874999 0.618867925 0.8810483874999999 0.600943396875 0.8709677421875 0.5981132078125 0.8508064515625 0.5603773578125 0.838709678125 0.5575471703125 0.8084677421875 0.5594339625 0.7741935484375 0.5509433968749999
37 0.5564516125 0.4481132078125 0.5443548390624999 0.45471698125 0.5866935484375 0.449056603125 0.5866935484375 0.4405660375 0.5745967734375 0.432075471875 0.5564516125 0.4301886796875 0.5504032265625 0.4330188671875 0.5564516125 0.4481132078125
37 0.5927419359375 0.43490566093750005 0.6129032265625 0.431132075 0.6149193546875 0.41981132031249996 0.6088709671875 0.41698113281250004 0.59072580625 0.41603773593750004 0.5866935484375 0.418867925 0.5927419359375 0.43490566093750005