23 0.50703125 0.66640625 0.16875 0.09921875
9 0.20234375 0.44453125 0.16875 0.0703125
25 0.2859375 0.25703125 0.0953125 0.0578125
29 0.20625 0.596875 0.16484375 0.0828125
29 0.8078125 0.59453125 0.16484375 0.08828125
21 0.2625 0.3796875 0.0890625 0.046875
28 0.12804878125000002 0.368571428125 0.1341463421875 0.37333333281250003 0.1239837390625 0.3857142859375 0.1300813015625 0.4028571421875 0.1707317078125 0.40190476249999996 0.1951219515625 0.407619046875 0.21951219531250002 0.40190476249999996 0.22357723593749998 0.392380953125 0.25 0.3857142859375 0.237804878125 0.368571428125 0.2154471546875 0.369523809375 0.1951219515625 0.3628571421875 0.12804878125000002 0.368571428125
25 0.52439024375 0.2828571421875 0.5060975609375 0.289523809375 0.49186991874999997 0.287619046875 0.4735772359375 0.291428571875 0.471544715625 0.29428571406250004 0.4939024390625 0.292380953125 0.50813008125 0.29619047656249997 0.5 0.3180952375 0.5162601625 0.330476190625 0.560975609375 0.32952380937500003 0.5873983734375 0.3019047625 0.585365853125 0.2971428578125 0.5731707312500001 0.2980952375 0.5711382109375001 0.288571428125 0.5833333328125 0.2838095234375 0.5548780484375 0.27999999999999997 0.544715446875 0.28476190468749996 0.52439024375 0.2828571421875
16 0.40243902499999995 0.171428571875 0.44308943125000005 0.147619046875 0.4247967484375 0.12285714218749999 0.3963414640625 0.12095238125 0.3739837390625 0.1342857140625 0.40243902499999995 0.171428571875
11 0.4776422765625 0.068571428125 0.48170731718750004 0.0761904765625 0.467479675 0.0857142859375 0.455284553125 0.08 0.42682926875 0.08857142812499999 0.4288617890625 0.131428571875 0.44715447187499996 0.1457142859375 0.43699187031250003 0.149523809375 0.43495935 0.17428571406249999 0.44105691093750005 0.18 0.5792682921875 0.1780952375 0.5711382109375001 0.16 0.5833333328125 0.148571428125 0.58943089375 0.092380953125 0.5772357718750001 0.0866666671875 0.5223577234375 0.07238095312500001 0.50813008125 0.06095238125 0.4776422765625 0.068571428125
8 0.4288617890625 0.0838095234375 0.4532520328125 0.0847619046875 0.4776422765625 0.0761904765625 0.4776422765625 0.067619046875 0.49186991874999997 0.06476190468750001 0.49186991874999997 0.0571428578125 0.4776422765625 0.0552380953125 0.4512195125 0.0628571421875 0.4288617890625 0.0838095234375