23 0.51171875 0.65390625 0.1796875 0.10546875
9 0.1875 0.41796875 0.1796875 0.075
25 0.27578125 0.21796875 0.1015625 0.06171875
29 0.19140625 0.5796875 0.175 0.08828125
29 0.83203125 0.57734375 0.175 0.09375
21 0.25078125 0.3484375 0.0953125 0.04921875
28 0.10822510781250001 0.33704453437500004 0.11471861406249999 0.3421052625 0.103896103125 0.3552631578125 0.1103896109375 0.37348178125 0.153679653125 0.37246963593750004 0.17965367968749998 0.378542509375 0.20562770625 0.37246963593750004 0.20995670937500002 0.36234817812500003 0.2380952375 0.3552631578125 0.225108225 0.33704453437500004 0.2012987015625 0.33805667968750003 0.17965367968749998 0.330971659375 0.10822510781250001 0.33704453437500004
25 0.5303030296875 0.2459514171875 0.5108225109375 0.2530364375 0.49567099531250003 0.2510121453125 0.4761904765625 0.255060728125 0.47402597343749997 0.258097165625 0.49783549843749997 0.256072875 0.5129870125 0.2601214578125 0.5043290046875 0.283400809375 0.5216450218750001 0.2965587046875 0.56926406875 0.295546559375 0.5974025968750001 0.26619433125 0.5952380953125 0.261133603125 0.5822510828125 0.2621457484375 0.5800865796875 0.2520242921875 0.59307359375 0.2469635625 0.5627705625 0.2429149796875 0.5519480515625 0.2479757078125 0.5303030296875 0.2459514171875
16 0.40043290000000004 0.1275303640625 0.44372294375 0.10222672031249999 0.424242425 0.07591093125000001 0.39393939375000003 0.07388663906250001 0.3701298703125 0.0880566796875 0.40043290000000004 0.1275303640625
11 0.48051948125 0.0182186234375 0.48484848437499994 0.0263157890625 0.4696969703125 0.036437246875 0.45670995625 0.030364371875 0.4264069265625 0.039473684375 0.428571428125 0.0850202421875 0.44805194843749996 0.1002024296875 0.4372294375 0.10425101249999999 0.435064934375 0.1305668015625 0.44155844218749996 0.1366396765625 0.5887445890625 0.134615384375 0.5800865796875 0.11538461562499999 0.59307359375 0.103238865625 0.5995671 0.043522267187500005 0.5865800859375 0.0374493921875 0.5281385281250001 0.022267206249999998 0.5129870125 0.0101214578125 0.48051948125 0.0182186234375
8 0.428571428125 0.034412954687500004 0.45454545468749996 0.0354251015625 0.48051948125 0.0263157890625 0.48051948125 0.017206478125 0.49567099531250003 0.014170040625 0.49567099531250003 0.006072875 0.48051948125 0.0040485828125 0.45238095312500004 0.0121457484375 0.428571428125 0.034412954687500004