23 0.50078125 0.66328125 0.165625 0.09921875
29 0.20390625 0.5921875 0.1640625 0.0859375
29 0.79609375 0.58984375 0.1640625 0.0890625
9 0.794 0.5520149953125 0.8460000000000001 0.5417057171875 0.8699999999999999 0.5435801312499999 0.874 0.5482661671875 0.89 0.5398313031249999 0.892 0.509840675 0.874 0.493908153125 0.8539999999999999 0.4854732890625 0.752 0.4882849109375 0.726 0.5032802249999999 0.73 0.529522025 0.766 0.5426429234375 0.776 0.5510777874999999 0.794 0.5520149953125
28 0.852 0.47985004687500005 0.8720000000000001 0.47610121875000005 0.8720000000000001 0.44517338281249996 0.834 0.4283036546875 0.8160000000000001 0.4311152765625 0.8039999999999999 0.4226804125 0.806 0.4283036546875 0.798 0.43205248437500005 0.774 0.4311152765625 0.75 0.460168696875 0.75 0.47610121875000005 0.772 0.47235239062499995 0.792 0.4789128390625 0.852 0.47985004687500005
30 0.748 0.4742268046875 0.762 0.44517338281249996 0.752 0.44142455468749997 0.748 0.43205248437500005 0.738 0.43017806875 0.72 0.43580131250000004 0.71 0.44798500468749997 0.702 0.44798500468749997 0.704 0.47328959687500005 0.73 0.4807872546875 0.736 0.4742268046875 0.748 0.4742268046875
19 0.62 0.30834114375 0.602 0.291471415625 0.584 0.285848171875 0.568 0.285848171875 0.544 0.2961574515625 0.542 0.3036551078125 0.562 0.31865042187500003 0.562 0.3298969078125 0.62 0.30834114375
25 0.508 0.32052483593750003 0.502 0.3036551078125 0.518 0.3008434859375 0.52 0.2970946578125 0.504 0.2877225859375 0.484 0.2811621375 0.46799999999999997 0.2811621375 0.458 0.27553889374999996 0.42800000000000005 0.2942830359375 0.442 0.3289597 0.45999999999999996 0.3336457359375 0.492 0.3345829421875 0.508 0.32052483593750003
16 0.604 0.170571696875 0.62 0.15651358906249999 0.64 0.14807872500000002 0.6799999999999999 0.14058106875 0.592 0.13589503281249998 0.58 0.1396438609375 0.588 0.14995313906250002 0.5860000000000001 0.164948453125 0.604 0.170571696875
19 0.8 0.1227741328125 0.79 0.1283973765625 0.782 0.16869728281250002 0.8039999999999999 0.197750703125 0.8119999999999999 0.164948453125 0.8 0.1227741328125
11 0.434 0.18181818125 0.466 0.184629803125 0.568 0.18181818125 0.58 0.15182755312500001 0.564 0.13402061875 0.5700000000000001 0.124648546875 0.5820000000000001 0.1227741328125 0.5780000000000001 0.09465791875 0.548 0.0918462984375 0.53 0.0824742265625 0.524 0.070290534375 0.5 0.06654170625 0.48600000000000004 0.0684161203125 0.48200000000000004 0.076850984375 0.446 0.0937207125 0.43 0.09465791875 0.42400000000000004 0.1002811625 0.42400000000000004 0.144329896875 0.438 0.164011246875 0.434 0.18181818125