8 0.394 0.27179006562499997 0.40800000000000003 0.26522961562499997 0.434 0.26522961562499997 0.44400000000000006 0.24179943750000002 0.43200000000000005 0.22118088125000002 0.404 0.2202436734375 0.382 0.2371134015625 0.382 0.24179943750000002 0.4 0.2492970953125 0.394 0.27179006562499997
13 0.264 0.24367385156250002 0.266 0.20899718906250003 0.25 0.170571696875 0.21600000000000003 0.1724461109375 0.196 0.167760075 0.16 0.170571696875 0.152 0.174320525 0.13999999999999999 0.198687909375 0.13799999999999998 0.231490159375 0.146 0.245548265625 0.24 0.2492970953125 0.264 0.24367385156250002
13 0.8560000000000001 0.244611059375 0.8560000000000001 0.198687909375 0.8460000000000001 0.171508903125 0.8039999999999999 0.171508903125 0.792 0.167760075 0.772 0.1761949390625 0.758 0.170571696875 0.75 0.171508903125 0.732 0.197750703125 0.73 0.2427366453125 0.748 0.251171509375 0.82 0.2549203375 0.8560000000000001 0.244611059375
10 0.42800000000000005 0.18181818125 0.5660000000000001 0.1827553890625 0.5820000000000001 0.1462043109375 0.576 0.09278350468749999 0.548 0.09278350468749999 0.52 0.0852858484375 0.514 0.076850984375 0.49000000000000005 0.07591377656250001 0.48 0.077788190625 0.476 0.0890346765625 0.45999999999999996 0.09278350468749999 0.43 0.09278350468749999 0.42400000000000004 0.0984067484375 0.422 0.1433926890625 0.426 0.15651358906249999 0.43600000000000005 0.1630740390625 0.42800000000000005 0.18181818125
24 0.466 0.708528584375 0.47400000000000003 0.7132146203125 0.52 0.7132146203125 0.544 0.707591378125 0.5700000000000001 0.7066541703125 0.5820000000000001 0.6522961578124999 0.572 0.6194939078125 0.514 0.621368321875 0.49000000000000005 0.6129334578125001 0.462 0.621368321875 0.426 0.6194939078125 0.422 0.6223055296875 0.418 0.673851921875 0.42800000000000005 0.7066541703125 0.45599999999999996 0.7104029984375 0.466 0.708528584375
29 0.162 0.5998125578125 0.16 0.61105904375 0.146 0.6194939078125 0.148 0.6288659796875 0.174 0.6354264296875 0.262 0.6298031859375001 0.268 0.6166822875 0.286 0.6054358015625 0.254 0.55670103125 0.23199999999999998 0.5510777874999999 0.19 0.560449859375 0.182 0.553889409375 0.15 0.55670103125 0.122 0.5988753515624999 0.124 0.6035613875 0.136 0.5988753515624999 0.162 0.5998125578125
29 0.736 0.614807871875 0.744 0.6288659796875 0.8560000000000001 0.6288659796875 0.8640000000000001 0.6101218375 0.876 0.6091846296875 0.876 0.6026241796875 0.844 0.5557638234375 0.788 0.5482661671875 0.774 0.5557638234375 0.746 0.55670103125 0.734 0.5829428296875 0.732 0.59793814375 0.754 0.5998125578125 0.752 0.6101218375 0.736 0.614807871875
18 0.5780000000000001 0.5051546390625 0.5740000000000001 0.47985004687500005 0.58 0.470477975 0.5740000000000001 0.466729146875 0.5519999999999999 0.4611059046875 0.48600000000000004 0.45548266093749995 0.472 0.4611059046875 0.472 0.5051546390625 0.548 0.5032802249999999 0.568 0.5079662609375 0.5780000000000001 0.5051546390625
20 0.16599999999999998 0.3973758203125 0.174 0.40393627031249996 0.178 0.3833177125 0.198 0.36925960625 0.194 0.36457357031250004 0.158 0.3411433921875 0.15 0.3411433921875 0.13999999999999999 0.3505154640625 0.12 0.35613870625 0.132 0.40393627031249996 0.13999999999999999 0.40393627031249996 0.15 0.3945641984375 0.16599999999999998 0.3973758203125
21 0.18 0.3833177125 0.182 0.38894095625 0.21400000000000002 0.38894095625 0.238 0.372071228125 0.258 0.3701968140625 0.262 0.36269915625000004 0.202 0.3373945640625 0.188 0.33833177187499996 0.182 0.34864105 0.196 0.36457357031250004 0.196 0.3711340203125 0.186 0.3739456421875 0.18 0.3833177125
37 0.246 0.41424554843749994 0.22799999999999998 0.41143392656250005 0.202 0.4161199625 0.20600000000000002 0.426429240625 0.238 0.43955014062500003 0.248 0.43955014062500003 0.246 0.41424554843749994
37 0.254 0.4029990625 0.252 0.41799437656249994 0.272 0.426429240625 0.27999999999999997 0.40487347656250006 0.254 0.4029990625