1 0.53191489375 0.13220675937499998 0.525531915625 0.139165009375 0.529787234375 0.154075546875 0.5553191484375 0.15606361875000002 0.5553191484375 0.1332007953125 0.53191489375 0.13220675937499998
12 0.30425531875 0.08250497031250001 0.327659575 0.0944334 0.327659575 0.099403578125 0.3531914890625 0.103379721875 0.3531914890625 0.1113320078125 0.3361702125 0.11928429375 0.3361702125 0.1242544734375 0.3914893609375 0.1262425453125 0.40212765937499995 0.114314115625 0.3914893609375 0.0805168984375 0.3510638296875 0.0715705765625 0.3170212765625 0.0725646125 0.306382978125 0.077534790625 0.30425531875 0.08250497031250001
1 0.3531914890625 0.103379721875 0.3446808515625 0.1003976140625 0.325531915625 0.1023856859375 0.325531915625 0.11033797187500001 0.3085106390625 0.1153081515625 0.3106382984375 0.1182902578125 0.3234042546875 0.1232604375 0.3468085109375 0.1242544734375 0.3531914890625 0.103379721875
13 0.7468085109375 0.186878728125 0.7425531921874999 0.22664015937499998 0.7574468078125001 0.22664015937499998 0.765957446875 0.233598409375 0.793617021875 0.2276341953125 0.806382978125 0.22862823125 0.8127659578124999 0.23459244531249998 0.8425531921875 0.2365805171875 0.8808510640625 0.2256461234375 0.8829787234375001 0.1878727640625 0.8702127656249999 0.14811133125 0.834042553125 0.14811133125 0.8170212765624999 0.1441351890625 0.765957446875 0.14811133125 0.7468085109375 0.186878728125
13 0.238297871875 0.14811133125 0.2 0.145129225 0.1851063828125 0.1491053671875 0.134042553125 0.14811133125 0.12127659531249999 0.17892644062500002 0.1234042546875 0.2256461234375 0.24255319218750002 0.22664015937499998 0.25106382968749996 0.22365805156250002 0.25106382968749996 0.17892644062500002 0.238297871875 0.14811133125
10 0.42127659531250006 0.1262425453125 0.434042553125 0.139165009375 0.425531915625 0.159045725 0.5723404249999999 0.159045725 0.5893617015625 0.11630218750000001 0.5851063828124999 0.0656063625 0.5539 0.06361829062499999 0.527659575 0.0516898609375 0.49574468125 0.0447316109375 0.4765957453125 0.06163021875 0.43191489375 0.06361829062499999 0.4170212765625 0.07057654062499999 0.42127659531250006 0.1262425453125
37 0.6106382984375001 0.7147117296875 0.638297871875 0.6888667984375 0.5893617015625 0.69184890625 0.5808510640625 0.70675944375 0.6106382984375001 0.7147117296875
37 0.3553191484375 0.69184890625 0.3510638296875 0.6948310140625 0.3872340421875 0.70974155 0.41489361718750006 0.70675944375 0.406382978125 0.69184890625 0.3893617015625 0.689860834375 0.3808510640625 0.6948310140625 0.3553191484375 0.69184890625
29 0.13191489375 0.5566600390625001 0.1 0.6003976140625 0.10425531875 0.61928429375 0.11489361718749999 0.6172962234375 0.127659575 0.6332007953125001 0.1553191484375 0.6411530812499999 0.16808510625 0.63419483125 0.1872340421875 0.6401590453125 0.206382978125 0.6351888671875 0.25106382968749996 0.6332007953125001 0.2531914890625 0.5825049703125 0.2446808515625 0.5765407546875 0.24042553125000002 0.5556660046874999 0.161702128125 0.5536779328125 0.13191489375 0.5566600390625001
29 0.7829787234375 0.5566600390625001 0.761702128125 0.5576540750000001 0.761702128125 0.5656063625 0.727659575 0.6013916499999999 0.7468085109375 0.62723658125 0.7872340421875 0.6401590453125 0.806382978125 0.636182903125 0.8191489359374999 0.6401590453125 0.8787234046875 0.63419483125 0.8851063828125 0.6312127234375 0.8872340421875 0.603379721875 0.8702127656249999 0.5566600390625001 0.8468085109375 0.5556660046874999 0.8319148937499999 0.5606361828125 0.7872340421875 0.552683896875 0.7829787234375 0.5566600390625001
23 0.5808510640625 0.6222664015625 0.525531915625 0.6242544734375 0.5 0.6172962234375 0.42127659531250006 0.6232604375 0.4170212765625 0.6292246515625 0.41914893593749997 0.6709741546875 0.45106382968750003 0.6660039765625 0.5425531921875 0.671968190625 0.5851063828124999 0.665009940625 0.5808510640625 0.6222664015625