8 0.866803278125 0.34003831406249996 0.8627049187500001 0.34961685781249996 0.875 0.371647509375 0.90163934375 0.362068965625 0.9282786890624999 0.362068965625 0.9221311468750001 0.3323754796875 0.91598360625 0.3285440609375 0.8954918031249999 0.3285440609375 0.866803278125 0.34003831406249996
12 0.758196721875 0.38984674375 0.758196721875 0.4003831421875 0.7397540984375001 0.413793103125 0.727459015625 0.4118773953125 0.7254098359375 0.4147509578125 0.7602459015624999 0.42528735624999997 0.7991803281250001 0.42528735624999997 0.7930327875 0.3984674328125 0.8012295078125 0.38984674375 0.8196721312499999 0.386015325 0.8176229515625 0.37643678125 0.7356557375 0.3793103453125 0.7336065578125 0.386015325 0.758196721875 0.38984674375
3 0.8422131140625 0.43486589999999997 0.840163934375 0.4243295015625 0.83401639375 0.423371646875 0.7868852453125 0.42816092031249997 0.7684426234374999 0.427203065625 0.76229508125 0.42241379375 0.75 0.42816092031249997 0.75 0.43295019218749997 0.7663934421875 0.4339080453125 0.772540984375 0.4406130265625 0.7520491796875 0.46455938750000003 0.772540984375 0.48850574687500004 0.8012295078125 0.48754789218749994 0.8278688531249999 0.49712643749999996 0.8422131140625 0.4913793109375 0.840163934375 0.476053640625 0.8995901640625 0.45977011562500003 0.909836065625 0.45402298906249994 0.909836065625 0.446360153125 0.90163934375 0.4425287359375 0.8627049187500001 0.44444444375 0.8422131140625 0.43486589999999997
2 0.8422131140625 0.49329501875000004 0.8237704921875 0.5 0.8176229515625 0.5134099609375 0.8299180328125001 0.5354406125 0.8565573765625001 0.53927203125 0.883196721875 0.5316091953125001 0.8954918031249999 0.5172413796875001 0.8913934421875 0.5028735625 0.8770491796875 0.495210728125 0.8545081968750001 0.49329501875000004 0.8422131140625 0.49329501875000004
13 0.811475409375 0.15900383125 0.79098360625 0.15229885 0.7479508203125 0.154214559375 0.7336065578125 0.1925287359375 0.7356557375 0.22892720312499998 0.7602459015624999 0.23659003906249998 0.772540984375 0.231800765625 0.8565573765625001 0.2308429125 0.8647540984375001 0.21551724062500002 0.8627049187500001 0.1877394640625 0.84836065625 0.15517241406249999 0.8278688531249999 0.1532567046875 0.811475409375 0.15900383125
13 0.1905737703125 0.15038314218749999 0.13729508125 0.15613026875 0.1270491796875 0.1848659 0.125 0.226053640625 0.1577868859375 0.24042145625 0.2192622953125 0.231800765625 0.241803278125 0.23946360156250002 0.2459016390625 0.231800765625 0.26229508125 0.2308429125 0.2602459015625 0.20114942500000002 0.23770491875 0.154214559375 0.22131147499999998 0.15613026875 0.1905737703125 0.15038314218749999
10 0.5102459015624999 0.059386973437500004 0.48155737656250003 0.059386973437500004 0.4672131140625 0.072796934375 0.41393442656249996 0.0756704984375 0.40983606562499997 0.1302682 0.422131146875 0.1494252875 0.422131146875 0.1657088125 0.4344262296875 0.168582375 0.5758196718749999 0.1657088125 0.5594262296875 0.1532567046875 0.5758196718749999 0.12356321875000001 0.5758196718749999 0.0804597703125 0.5676229515625 0.07471264375 0.534836065625 0.07471264375 0.5163934421875 0.0689655171875 0.5102459015624999 0.059386973437500004
24 0.4959016390625 0.605363984375 0.48155737656250003 0.612068965625 0.41803278749999995 0.6130268203125 0.41188524531250004 0.6484674328125 0.424180328125 0.7021072796875 0.4692622953125 0.705938696875 0.47540983593749997 0.709770115625 0.520491803125 0.7088122609374999 0.5676229515625 0.701149425 0.56967213125 0.677203065625 0.577868853125 0.6676245203125 0.5758196718749999 0.6254789265625 0.5717213109375 0.613984675 0.5245901640625 0.612068965625 0.4959016390625 0.605363984375
29 0.7868852453125 0.5478927203125 0.77663934375 0.5507662828125001 0.7459016390625 0.548850575 0.72336065625 0.5919540234375 0.7131147546875 0.59770115 0.7356557375 0.62356321875 0.8278688531249999 0.6302682 0.840163934375 0.6245210734375 0.8565573765625001 0.6254789265625 0.8565573765625001 0.621647509375 0.866803278125 0.6206896546875 0.881147540625 0.605363984375 0.881147540625 0.5900383140625001 0.8627049187500001 0.5833333328125 0.866803278125 0.57758620625 0.8545081968750001 0.5670498078125 0.8524590156249999 0.5517241375 0.8422131140625 0.546934865625 0.8073770484375 0.5526819921875 0.7868852453125 0.5478927203125
29 0.1844262296875 0.5507662828125001 0.16188524531249998 0.546934865625 0.1393442625 0.548850575 0.11680327812499999 0.5919540234375 0.1065573765625 0.5967432953125 0.131147540625 0.62356321875 0.1782786890625 0.62356321875 0.1926229515625 0.628352490625 0.1967213109375 0.62356321875 0.2192622953125 0.628352490625 0.25 0.6197318 0.2602459015625 0.60727969375 0.272540984375 0.6044061296875001 0.27459016406250003 0.59099616875 0.243852459375 0.5574712640625 0.243852459375 0.5498084296875 0.2192622953125 0.5478927203125 0.1987704921875 0.5411877390625001 0.1844262296875 0.5507662828125001
26 0.9180327875 0.527777778125 0.909836065625 0.521072796875 0.90163934375 0.521072796875 0.8893442625000001 0.527777778125 0.936475409375 0.5507662828125001 0.9549180328125001 0.5680076625 0.9631147546875001 0.5670498078125 0.97336065625 0.5498084296875 0.9754098359375 0.52586206875 0.9528688531249999 0.521072796875 0.938524590625 0.527777778125 0.9180327875 0.527777778125
21 0.6680327875 0.45306513437499996 0.6639344265625 0.46743294999999996 0.7008196718749999 0.4712643671875 0.7192622953125001 0.4913793109375 0.743852459375 0.49329501875000004 0.7540983609375 0.47222222187499996 0.7459016390625 0.46072796875 0.7643442625 0.45306513437499996 0.76229508125 0.446360153125 0.7459016390625 0.4406130265625 0.6864754093750001 0.4454022984375 0.6680327875 0.45306513437499996