10 0.49400000000000005 0.1855670109375 0.568 0.18181818125 0.584 0.136832240625 0.5780000000000001 0.0937207125 0.532 0.089971884375 0.524 0.0796626046875 0.49400000000000005 0.07310215625000001 0.476 0.0890346765625 0.43200000000000005 0.090909090625 0.42000000000000004 0.096532334375 0.42000000000000004 0.1396438609375 0.434 0.164948453125 0.42800000000000005 0.18181818125 0.49400000000000005 0.1855670109375
13 0.772 0.2474226796875 0.788 0.2474226796875 0.8140000000000001 0.2567947515625 0.8560000000000001 0.244611059375 0.8560000000000001 0.198687909375 0.8460000000000001 0.171508903125 0.8119999999999999 0.171508903125 0.796 0.167760075 0.748 0.171508903125 0.732 0.197750703125 0.726 0.245548265625 0.744 0.2474226796875 0.75 0.25398312968750003 0.772 0.2474226796875
13 0.264 0.2427366453125 0.264 0.1996251171875 0.254 0.171508903125 0.21600000000000003 0.1668228671875 0.196 0.171508903125 0.154 0.171508903125 0.142 0.200562325 0.13999999999999999 0.24086223125 0.146 0.244611059375 0.254 0.245548265625 0.264 0.2427366453125
9 0.32 0.527647609375 0.324 0.520149953125 0.354 0.509840675 0.38 0.48734770312500003 0.392 0.48359887500000004 0.39 0.4751640109375 0.364 0.4573570765625 0.32799999999999996 0.45641986875 0.298 0.45641986875 0.272 0.46298031875 0.254 0.4817244609375 0.25 0.5051546390625 0.258 0.512652296875 0.27799999999999997 0.52389878125 0.32 0.527647609375
12 0.504 0.41799437656249994 0.492 0.43205248437500005 0.496 0.44329896875 0.514 0.44517338281249996 0.522 0.44985941875 0.538 0.4311152765625 0.562 0.43205248437500005 0.55 0.4161199625 0.5660000000000001 0.38612933437499997 0.5599999999999999 0.3833177125 0.476 0.38519212812500003 0.472 0.3973758203125 0.502 0.4029990625 0.49800000000000005 0.41143392656250005 0.504 0.41799437656249994
1 0.602 0.40112464843750006 0.618 0.392689784375 0.602 0.37956888437499997 0.5780000000000001 0.37956888437499997 0.576 0.406747890625 0.5860000000000001 0.41424554843749994 0.5980000000000001 0.41424554843749994 0.602 0.40112464843750006
1 0.64 0.4029990625 0.614 0.4029990625 0.62 0.426429240625 0.634 0.4283036546875 0.654 0.41799437656249994 0.64 0.4029990625
24 0.466 0.708528584375 0.47400000000000003 0.7132146203125 0.52 0.7132146203125 0.5700000000000001 0.7066541703125 0.5820000000000001 0.65135895 0.5740000000000001 0.6194939078125 0.524 0.620431115625 0.512 0.6194939078125 0.504 0.6129334578125001 0.488 0.6129334578125001 0.472 0.61761949375 0.426 0.6194939078125 0.42000000000000004 0.6288659796875 0.418 0.6757263359375 0.42800000000000005 0.7066541703125 0.44800000000000006 0.7104029984375 0.466 0.708528584375
29 0.148 0.627928771875 0.174 0.6363636359375 0.266 0.627928771875 0.268 0.613870665625 0.284 0.6101218375 0.286 0.60449859375 0.274 0.5970009375 0.244 0.553889409375 0.22200000000000003 0.553889409375 0.20600000000000002 0.5595126515625 0.184 0.553889409375 0.154 0.5548266171875 0.144 0.5838800375 0.144 0.5951265234374999 0.162 0.60449859375 0.13999999999999999 0.613870665625 0.148 0.627928771875
29 0.77 0.6354264296875 0.778 0.63074039375 0.794 0.634489221875 0.8539999999999999 0.63074039375 0.8779999999999999 0.6054358015625 0.8460000000000001 0.55670103125 0.762 0.5492033734375 0.744 0.55670103125 0.742 0.5693533265624999 0.716 0.594189315625 0.718 0.613870665625 0.732 0.6185567015625 0.74 0.6288659796875 0.77 0.6354264296875
21 0.74 0.44985941875 0.75 0.44236176250000003 0.75 0.42760075000000003 0.758 0.418931584375 0.776 0.412371134375 0.776 0.40393627031249996 0.736 0.3936269921875 0.716 0.392689784375 0.702 0.40206185625 0.688 0.4245548265625 0.714 0.4339268984375 0.716 0.44517338281249996 0.74 0.44985941875
18 0.43 0.5857544515625001 0.458 0.5885660734375 0.472 0.5848172453125 0.47400000000000003 0.5754451734375 0.466 0.567010309375 0.472 0.55014058125 0.426 0.5398313031249999 0.41 0.5304592312499999 0.388 0.5323336453125 0.366 0.5520149953125 0.37 0.560449859375 0.362 0.5820056234375001 0.368 0.5876288656249999 0.43 0.5857544515625001
37 0.246 0.5304592312499999 0.238 0.5351452671875 0.22999999999999998 0.55014058125 0.252 0.553889409375 0.27999999999999997 0.527647609375 0.246 0.5304592312499999
37 0.32 0.5304592312499999 0.302 0.5220243671875 0.294 0.527647609375 0.292 0.5435801312499999 0.304 0.5510777874999999 0.32 0.540768509375 0.32 0.5304592312499999
37 0.378 0.5435801312499999 0.38 0.534208059375 0.362 0.529522025 0.354 0.5323336453125 0.354 0.5398313031249999 0.344 0.546391753125 0.368 0.5492033734375 0.378 0.5435801312499999
27 0.092 0.6185567015625 0.10400000000000001 0.6157450796874999 0.12 0.5923149015625 0.13999999999999999 0.5885660734375 0.144 0.57638238125 0.13999999999999999 0.573570759375 0.086 0.5707591375 0.06999999999999999 0.5773195875 0.057999999999999996 0.5895032796875 0.06 0.607310215625 0.08399999999999999 0.6119962515624999 0.092 0.6185567015625