1 0.5147679328125 0.1235177859375 0.50843881875 0.1304347828125 0.5126582281250001 0.1452569171875 0.5379746828124999 0.1472332015625 0.5379746828124999 0.12450592812500001 0.5147679328125 0.1235177859375
12 0.2890295359375 0.074110671875 0.3122362875 0.0859683796875 0.3122362875 0.090909090625 0.33755274218750003 0.09486165937499999 0.33755274218750003 0.1027667984375 0.32067510625 0.1106719375 0.32067510625 0.1156126484375 0.37552742656250004 0.1175889328125 0.38607595 0.10573122500000001 0.37552742656250004 0.0721343875 0.33544303750000004 0.06324110625 0.30168776406250003 0.0642292484375 0.291139240625 0.0691699609375 0.2890295359375 0.074110671875
1 0.33755274218750003 0.09486165937499999 0.3291139234375 0.0918972328125 0.3101265828125 0.0938735171875 0.3101265828125 0.10177865625 0.2932489453125 0.1067193671875 0.29535865 0.10968379375 0.308016878125 0.11462450625000001 0.331223628125 0.1156126484375 0.33755274218750003 0.09486165937499999
13 0.7278481015625 0.1778656125 0.7236286921875 0.2173913046875 0.738396625 0.2173913046875 0.74683544375 0.2243083 0.774261603125 0.218379446875 0.78691983125 0.21936758906249998 0.7932489453125 0.22529644218749997 0.822784809375 0.2272727265625 0.86075949375 0.21640316249999997 0.8628691984374999 0.1788537546875 0.8502109703125 0.13932806250000002 0.8143459921874999 0.13932806250000002 0.7974683546875 0.13537549375 0.74683544375 0.13932806250000002 0.7278481015625 0.1778656125
13 0.2236286921875 0.13932806250000002 0.18565400781250002 0.1363636359375 0.17088607656250002 0.14031620625000002 0.1202531640625 0.13932806250000002 0.1075949359375 0.169960475 0.109704640625 0.21640316249999997 0.22784810156250002 0.2173913046875 0.23628692031249998 0.214426878125 0.23628692031249998 0.169960475 0.2236286921875 0.13932806250000002
10 0.40506329062499996 0.1175889328125 0.41772151874999996 0.1304347828125 0.4092827 0.15019762812499998 0.5548523203125 0.15019762812499998 0.5717299578125 0.107707509375 0.5675105484375 0.057312253125000004 0.5365675109375 0.05533596875 0.5105485234375 0.0434782609375 0.478902953125 0.0365612640625 0.4599156125 0.05335968437500001 0.4156118140625 0.05533596875 0.40084388125 0.062252964062500006 0.40506329062499996 0.1175889328125
37 0.5928270046875 0.7025691703125 0.6202531640625 0.6768774703125 0.5717299578125 0.679841896875 0.5632911390625 0.69466403125 0.5928270046875 0.7025691703125
37 0.33966244687499997 0.679841896875 0.33544303750000004 0.6828063234374999 0.3713080171875 0.6976284578125 0.3987341765625 0.69466403125 0.390295359375 0.679841896875 0.373417721875 0.6778656125 0.36497890312500003 0.6828063234374999 0.33966244687499997 0.679841896875
29 0.118143459375 0.5454545453125 0.08649789062499999 0.58893280625 0.0907173 0.6077075093750001 0.10126582343749999 0.605731225 0.11392405000000001 0.6215415015625 0.1413502109375 0.629446640625 0.1540084390625 0.62252964375 0.17299578124999998 0.6284584984375 0.191983121875 0.6235177859375 0.23628692031249998 0.6215415015625 0.23839662499999997 0.5711462453125 0.22995780625 0.565217390625 0.22573839687500002 0.544466403125 0.147679325 0.54249011875 0.118143459375 0.5454545453125
29 0.7637130796875 0.5454545453125 0.742616034375 0.5464426875 0.742616034375 0.5543478265624999 0.708860759375 0.5899209484375 0.7278481015625 0.6156126484375 0.7679324890625 0.6284584984375 0.78691983125 0.6245059281249999 0.799578059375 0.6284584984375 0.8586497890624999 0.62252964375 0.864978903125 0.6195652171875 0.8670886078125 0.5918972328125001 0.8502109703125 0.5454545453125 0.82700421875 0.544466403125 0.8122362875 0.5494071140625 0.7679324890625 0.5415019765625 0.7637130796875 0.5454545453125
23 0.5632911390625 0.6106719375 0.50843881875 0.612648221875 0.48312236249999996 0.605731225 0.40506329062499996 0.6116600796875 0.40084388125 0.6175889328124999 0.40295358593749997 0.6590909093749999 0.43459915625 0.654150196875 0.52531645625 0.6600790515625 0.5675105484375 0.6531620546875 0.5632911390625 0.6106719375