1 0.639130434375 0.289205703125 0.6217391296875 0.30040733125 0.610869565625 0.2993890015625 0.5978260875 0.30549898125 0.6478260875 0.313645621875 0.686956521875 0.3065173109375 0.684782609375 0.30142566249999997 0.663043478125 0.298370671875 0.660869565625 0.2902240328125 0.639130434375 0.289205703125
1 0.7478260875 0.2810590625 0.7565217390625001 0.289205703125 0.77608695625 0.2851323828125 0.77608695625 0.264765784375 0.763043478125 0.26171079375 0.7478260875 0.26680244375 0.7478260875 0.2810590625
1 0.2195652171875 0.4531568234375 0.23043478281250002 0.44908350312499995 0.25 0.46232179218749997 0.265217390625 0.4562118125 0.2543478265625 0.429735234375 0.22826087031250003 0.42769857499999997 0.21521739062499998 0.44908350312499995 0.2195652171875 0.4531568234375
1 0.6673913046875 0.41751527499999996 0.6695652171875001 0.4287169046875 0.6913043484375 0.4205702640625 0.72608695625 0.4287169046875 0.7195652171875 0.400203665625 0.6913043484375 0.400203665625 0.6826086953125 0.412423625 0.6673913046875 0.41751527499999996
9 0.8065217390624999 0.34419551875 0.760869565625 0.342158859375 0.7347826093750001 0.34928716875 0.713043478125 0.3676171078125 0.710869565625 0.395112015625 0.7347826093750001 0.412423625 0.763043478125 0.40733197499999996 0.7673913046874999 0.39613034687500004 0.8043478265624999 0.405295315625 0.8086956515624999 0.419551934375 0.8282608703125 0.4185336046875 0.8391304343750001 0.415478615625 0.8369565218749999 0.39613034687500004 0.87391304375 0.39714867656249997 0.884782609375 0.3900203671875 0.8891304343750001 0.35947046875 0.8608695656249999 0.34521385000000004 0.8130434781250001 0.337067209375 0.8065217390624999 0.34419551875
12 0.7173913046875 0.1924643578125 0.715217390625 0.210794296875 0.6913043484375 0.2443991859375 0.7021739124999999 0.257637475 0.713043478125 0.2606924640625 0.739130434375 0.2566191453125 0.760869565625 0.25967413437500003 0.7695652171875 0.23727087500000002 0.786956521875 0.2342158859375 0.784782609375 0.2219959265625 0.7456521734375 0.2097759671875 0.739130434375 0.1924643578125 0.7173913046875 0.1924643578125
10 0.484782609375 0.0437881875 0.45434782656249995 0.040733196875 0.41847826093749996 0.0570264765625 0.3782608703125 0.0590631359375 0.37391304375 0.11507128281250001 0.386956521875 0.15478615 0.5434782609375 0.15478615 0.5478260875000001 0.0641547859375 0.5413043484375 0.058044806250000004 0.5 0.058044806250000004 0.486956521875 0.0519348265625 0.484782609375 0.0437881875
13 0.1326086953125 0.14358452187499998 0.086956521875 0.14358452187499998 0.07608695625 0.1731160890625 0.07608695625 0.22301425625000001 0.115217390625 0.23523421562500002 0.134782609375 0.23523421562500002 0.16521739062500002 0.2250509171875 0.1913043484375 0.23319755625 0.210869565625 0.22301425625000001 0.2173913046875 0.2240325859375 0.210869565625 0.1731160890625 0.1934782609375 0.14358452187499998 0.1413043484375 0.13951120156250002 0.1326086953125 0.14358452187499998
13 0.7304347828125 0.14358452187499998 0.7173913046875 0.19042769843750001 0.7434782609374999 0.19450101875 0.7413043484374999 0.20366598749999998 0.760869565625 0.2189409375 0.7565217390625001 0.22301425625000001 0.8391304343750001 0.2250509171875 0.8521739125 0.2219959265625 0.8543478265625 0.17922606875 0.8434782609375 0.147657840625 0.8326086953124999 0.1415478609375 0.7782608703125 0.13951120156250002 0.7304347828125 0.14358452187499998
37 0.1804347828125 0.5081466390625 0.213043478125 0.5020366593750001 0.2021739125 0.487780040625 0.1934782609375 0.48370672031249995 0.1521739125 0.482688390625 0.1804347828125 0.5081466390625
37 0.7652173906249999 0.46028513281250005 0.7717391296875 0.44704684375000003 0.763043478125 0.4531568234375 0.736956521875 0.44806517343749996 0.7173913046875 0.4714867609375 0.7478260875 0.47046843125000004 0.7652173906249999 0.46028513281250005
37 0.7326086953125001 0.4969450109375 0.7478260875 0.507128309375 0.7673913046874999 0.4714867609375 0.7326086953125001 0.4765784109375 0.7173913046875 0.497963340625 0.7326086953125001 0.4969450109375
23 0.47173912968750004 0.6262729125 0.38260869531249997 0.6303462328125 0.37608695625 0.6710794296875 0.389130434375 0.7250509171874999 0.4456521734375 0.731160896875 0.489130434375 0.731160896875 0.5101456515625 0.7260692468750001 0.5413043484375 0.7250509171874999 0.5521739125 0.68940936875 0.55 0.638492871875 0.5413043484375 0.6303462328125 0.489130434375 0.6303462328125 0.47173912968750004 0.6262729125
29 0.1456521734375 0.5498981671875 0.1456521734375 0.5600814656249999 0.086956521875 0.5621181265625 0.0717391296875 0.608961303125 0.0543478265625 0.61201629375 0.0782608703125 0.6415478609374999 0.113043478125 0.64052953125 0.1413043484375 0.6486761703124999 0.14782608749999998 0.64562118125 0.1717391296875 0.647657840625 0.17826087031249999 0.6415478609374999 0.2043478265625 0.638492871875 0.2043478265625 0.633401221875 0.22826087031250003 0.6211812625 0.23043478281250002 0.60692464375 0.2195652171875 0.6059063140625 0.2 0.582484725 0.19565217343750002 0.5621181265625 0.15434782656249998 0.5580448062500001 0.1521739125 0.5498981671875 0.1456521734375 0.5498981671875
29 0.7043478265625 0.60183299375 0.684782609375 0.60692464375 0.684782609375 0.6201629328125 0.710869565625 0.6211812625 0.7326086953125001 0.628309571875 0.7413043484374999 0.6425661921875 0.77391304375 0.6415478609374999 0.786956521875 0.6486761703124999 0.8065217390624999 0.6415478609374999 0.8152173906250001 0.6466395109375 0.82608695625 0.64052953125 0.8413043484375 0.6415478609374999 0.8478260875 0.6313645625000001 0.8695652171875 0.6272912421875 0.87391304375 0.60692464375 0.8608695656249999 0.6038696531250001 0.8413043484375 0.5621181265625 0.763043478125 0.5580448062500001 0.7304347828125 0.5621181265625 0.7043478265625 0.60183299375
26 0.689130434375 0.6496945015625 0.7021739124999999 0.647657840625 0.7304347828125 0.6517311609374999 0.7326086953125001 0.633401221875 0.6934782609375 0.6079429734375 0.67608695625 0.6252545828125 0.689130434375 0.6496945015625