1 0.266 0.3373945640625 0.292 0.34208059999999996 0.32599999999999996 0.33645735781249997 0.32799999999999996 0.3308341140625 0.316 0.3298969078125 0.304 0.31958762812499997 0.282 0.31958762812499997 0.282 0.326148078125 0.272 0.33177132187499997 0.26 0.33177132187499997 0.266 0.3373945640625
1 0.178 0.3701968140625 0.186 0.36176195 0.178 0.3467666359375 0.154 0.34957825625 0.146 0.36925960625 0.156 0.3748828484375 0.16999999999999998 0.36925960625 0.178 0.3701968140625
1 0.154 0.3477038421875 0.182 0.34957825625 0.188 0.344892221875 0.174 0.33552015 0.124 0.3373945640625 0.11200000000000002 0.34301780625 0.11200000000000002 0.34957825625 0.13799999999999998 0.344892221875 0.15 0.35613870625 0.154 0.3477038421875
1 0.16399999999999998 0.3345829421875 0.16 0.32333645781250003 0.13999999999999999 0.3242736640625 0.13999999999999999 0.3298969078125 0.11599999999999999 0.34020618593749996 0.11200000000000002 0.34957825625 0.192 0.345829428125 0.178 0.3345829421875 0.16399999999999998 0.3345829421875
12 0.192 0.3308341140625 0.20600000000000002 0.2933458296875 0.262 0.291471415625 0.266 0.285848171875 0.21200000000000002 0.2839737578125 0.198 0.279287721875 0.178 0.2839737578125 0.188 0.298969071875 0.174 0.3102155578125 0.172 0.32052483593750003 0.192 0.3308341140625
12 0.262 0.3130271796875 0.25 0.3111527640625 0.24 0.2999062796875 0.21600000000000003 0.29522024375 0.20600000000000002 0.305529521875 0.20400000000000001 0.3139643859375 0.22200000000000003 0.3308341140625 0.256 0.332708528125 0.262 0.3130271796875
13 0.196 0.26241799375 0.22000000000000003 0.26522961562499997 0.22999999999999998 0.26241799375 0.24 0.25210871562500003 0.266 0.24367385156250002 0.266 0.204311153125 0.254 0.171508903125 0.21400000000000002 0.167760075 0.198 0.1724461109375 0.158 0.170571696875 0.13799999999999998 0.198687909375 0.13 0.251171509375 0.16799999999999998 0.251171509375 0.188 0.25398312968750003 0.196 0.26241799375
13 0.8560000000000001 0.244611059375 0.858 0.20149953125 0.8460000000000001 0.171508903125 0.8019999999999999 0.171508903125 0.796 0.16869728281250002 0.748 0.171508903125 0.732 0.197750703125 0.726 0.245548265625 0.744 0.25398312968750003 0.82 0.2549203375 0.8560000000000001 0.244611059375
10 0.43 0.17525773125 0.418 0.18181818125 0.5 0.184629803125 0.5700000000000001 0.18181818125 0.5700000000000001 0.164011246875 0.5820000000000001 0.1462043109375 0.5780000000000001 0.0937207125 0.536 0.09278350468749999 0.524 0.0862230546875 0.524 0.0805998125 0.49400000000000005 0.0749765703125 0.48 0.08809747031250001 0.45999999999999996 0.09278350468749999 0.43200000000000005 0.0918462984375 0.42000000000000004 0.0984067484375 0.42000000000000004 0.14058106875 0.426 0.158388003125 0.434 0.1621368328125 0.43 0.17525773125
27 0.21600000000000003 0.6419868796875 0.20800000000000002 0.621368321875 0.188 0.6157450796874999 0.16 0.6194939078125 0.15 0.640112465625 0.19 0.661668228125 0.202 0.6457357078125 0.21600000000000003 0.6419868796875
29 0.148 0.6298031859375001 0.154 0.6251171515625 0.21000000000000002 0.6232427359375 0.22799999999999998 0.6298031859375001 0.26 0.6298031859375001 0.266 0.613870665625 0.284 0.6101218375 0.286 0.6035613875 0.27799999999999997 0.5998125578125 0.254 0.55670103125 0.21200000000000002 0.55014058125 0.194 0.5585754453125 0.184 0.5548266171875 0.152 0.55670103125 0.15 0.567947515625 0.122 0.59793814375 0.126 0.6157450796874999 0.148 0.6298031859375001
29 0.736 0.6185567015625 0.736 0.6260543578125 0.768 0.634489221875 0.776 0.6298031859375001 0.79 0.6298031859375001 0.794 0.634489221875 0.8099999999999999 0.6298031859375001 0.8539999999999999 0.6298031859375001 0.866 0.61105904375 0.8779999999999999 0.6054358015625 0.8460000000000001 0.5557638234375 0.8119999999999999 0.5548266171875 0.798 0.5585754453125 0.788 0.55014058125 0.784 0.5557638234375 0.744 0.5576382375 0.742 0.5693533265624999 0.716 0.5951265234374999 0.716 0.61105904375 0.736 0.6185567015625
24 0.476 0.7122774140625 0.518 0.7122774140625 0.526 0.708528584375 0.568 0.7066541703125 0.58 0.6560449859374999 0.5740000000000001 0.620431115625 0.524 0.621368321875 0.49000000000000005 0.6129334578125001 0.458 0.620431115625 0.42800000000000005 0.6194939078125 0.422 0.6223055296875 0.42000000000000004 0.674789128125 0.42800000000000005 0.70477975625 0.46799999999999997 0.707591378125 0.476 0.7122774140625