23 0.53984375 0.690625 0.18046875 0.10625
13 0.21484375 0.19609375 0.13046875 0.0828125
12 0.30625 0.2015625 0.0828125 0.053125
29 0.8609375 0.61328125 0.178125 0.09375
1 0.696875 0.36875 0.08515625 0.02421875
29 0.21875 0.603125 0.17578125 0.11171875
0 0.11640625 0.34140625 0.1453125 0.09296875
1 0.3203125 0.33984375 0.05 0.028125
1 0.396875 0.2125 0.04140625 0.03046875
10 0.5359375 0.10703125 0.17578125 0.121875
28 0.14782608749999998 0.5356415484375 0.15 0.5132382890625 0.1326086953125 0.5336048875 0.1173913046875 0.5346232171875 0.0913043484375 0.5448065171875001 0.1413043484375 0.5865580453125 0.1586956515625 0.5794297359375 0.234782609375 0.5682281062500001 0.23913043437499998 0.5285132390625 0.213043478125 0.5356415484375 0.16521739062500002 0.5325865578125 0.14782608749999998 0.5356415484375
9 0.265217390625 0.34012220000000004 0.25869565156249996 0.34419551875 0.236956521875 0.34521385000000004 0.2173913046875 0.34114052968749997 0.1978260875 0.34419551875 0.1717391296875 0.3584521390625 0.163043478125 0.3696537671875 0.16521739062500002 0.38798370625 0.19565217343750002 0.40733197499999996 0.2065217390625 0.3991853359375 0.22826087031250003 0.400203665625 0.2673913046875 0.415478615625 0.310869565625 0.4012219953125 0.3195652171875 0.40733197499999996 0.32608695625 0.40427698593750006 0.3456521734375 0.38594704687500003 0.3434782609375 0.3655804484375 0.32391304375 0.34928716875 0.3021739125 0.342158859375 0.265217390625 0.34012220000000004
1 0.24565217343749998 0.19450101875 0.2521739125 0.18940936875 0.2543478265625 0.1731160890625 0.22826087031250003 0.1710794296875 0.23043478281250002 0.19450101875 0.24565217343749998 0.19450101875