1 0.7038626609375 0.3028169015625 0.6866952796875 0.3138833 0.6759656656249999 0.3128772640625 0.663090128125 0.31891348124999996 0.7124463515625 0.3269617703125 0.7510729609375 0.3199195171875 0.7489270390625 0.3148893359375 0.7274678109375 0.311871228125 0.7253218890625 0.3038229375 0.7038626609375 0.3028169015625
1 0.8111587984374999 0.2947686109375 0.8197424890624999 0.3028169015625 0.8390557937500001 0.29879275625 0.8390557937500001 0.27867203281249997 0.8261802578124999 0.2756539234375 0.8111587984374999 0.2806841046875 0.8111587984374999 0.2947686109375
1 0.2896995703125 0.4647887328125 0.300429184375 0.46076458750000004 0.31974248906249997 0.47384305781249997 0.3347639484375 0.46780684062500005 0.324034334375 0.4416499 0.2982832625 0.43963782656249994 0.285407725 0.46076458750000004 0.2896995703125 0.4647887328125
1 0.7317596562500001 0.42957746406249997 0.7339055796875 0.4406438625 0.75536480625 0.43259557343750005 0.7896995703125 0.4406438625 0.783261803125 0.4124748484375 0.75536480625 0.4124748484375 0.7467811156249999 0.424547284375 0.7317596562500001 0.42957746406249997
9 0.8690987124999999 0.3571428578125 0.8240343343750001 0.355130784375 0.7982832625 0.36217303749999996 0.7768240343749999 0.380281690625 0.7746781109375 0.40744466875 0.7982832625 0.424547284375 0.8261802578124999 0.419517103125 0.8304721031250001 0.4084507046875 0.8669527890625 0.4175050296875 0.8712446359375001 0.4315895375 0.890557940625 0.4305835015625 0.901287553125 0.42756539218749995 0.89914163125 0.4084507046875 0.9356223171875 0.40945674062500004 0.9463519312500001 0.40241448750000003 0.9506437765625 0.3722334 0.9227467812500001 0.35814889375000003 0.8755364812499999 0.350100603125 0.8690987124999999 0.3571428578125
12 0.7811158796875 0.2072434609375 0.7789699578125 0.22535211249999998 0.75536480625 0.2585513078125 0.7660944203125 0.271629778125 0.7768240343749999 0.2746478875 0.8025751078125 0.2706237421875 0.8240343343750001 0.2736418515625 0.832618025 0.2515090546875 0.8497854078125 0.2484909453125 0.847639484375 0.23641851093750002 0.809012875 0.2243460765625 0.8025751078125 0.2072434609375 0.7811158796875 0.2072434609375
10 0.5515021453125 0.0603621734375 0.521459228125 0.0573440640625 0.48605150156250004 0.07344064375 0.44635193125 0.075452715625 0.4420600859375 0.1307847078125 0.454935621875 0.1700201203125 0.609442059375 0.1700201203125 0.61373390625 0.080482896875 0.6072961375 0.07444667968749999 0.5665236046875 0.07444667968749999 0.55364806875 0.0684104625 0.5515021453125 0.0603621734375
13 0.2038626609375 0.158953721875 0.1587982828125 0.158953721875 0.14806866875 0.188128771875 0.14806866875 0.23742454687499998 0.1866952796875 0.24949698125 0.206008584375 0.24949698125 0.2360515015625 0.23943662031250001 0.26180257500000004 0.247484909375 0.2811158796875 0.23742454687499998 0.2875536484375 0.2384305828125 0.2811158796875 0.188128771875 0.2639484984375 0.158953721875 0.2124463515625 0.154929578125 0.2038626609375 0.158953721875
13 0.7939914156250001 0.158953721875 0.7811158796875 0.2052313890625 0.806866953125 0.2092555328125 0.8047210296875 0.218309859375 0.8240343343750001 0.23340040312500002 0.8197424890624999 0.23742454687499998 0.901287553125 0.23943662031250001 0.914163090625 0.23641851093750002 0.9163090125 0.19416499062499998 0.9055793984375 0.16297786718750001 0.8948497859375 0.15694165 0.8412017171875 0.154929578125 0.7939914156250001 0.158953721875
37 0.2510729609375 0.5191146875 0.283261803125 0.5130784703125 0.2725321890625 0.49899396406249996 0.2639484984375 0.49496981875 0.223175965625 0.4939637828125 0.2510729609375 0.5191146875
37 0.8283261796874999 0.4718309859375 0.8347639484375 0.45875251562499997 0.8261802578124999 0.4647887328125 0.800429184375 0.4597585515625 0.7811158796875 0.482897384375 0.8111587984374999 0.4818913484375 0.8283261796874999 0.4718309859375
37 0.7961373390625 0.5080482890625 0.8111587984374999 0.5181086515625 0.8304721031250001 0.482897384375 0.7961373390625 0.487927565625 0.7811158796875 0.5090543265624999 0.7961373390625 0.5080482890625
23 0.538626609375 0.6358148890625 0.4506437765625 0.639839034375 0.4442060078125 0.6800804828125 0.4570815453125 0.733400403125 0.5128755359375 0.7394366203125 0.5557939921874999 0.7394366203125 0.5765386265625 0.7344064390625 0.6072961375 0.733400403125 0.6180257515625 0.698189134375 0.615879828125 0.6478873234375 0.6072961375 0.639839034375 0.5557939921874999 0.639839034375 0.538626609375 0.6358148890625
29 0.216738196875 0.5603621734375 0.216738196875 0.5704225359375 0.1587982828125 0.5724346078125 0.1437768234375 0.6187122734375 0.1266094421875 0.6217303828125 0.1502145921875 0.6509054328125 0.18454935625 0.649899396875 0.2124463515625 0.6579476859375 0.21888412031249999 0.654929578125 0.24248927031249998 0.65694165 0.24892703906250002 0.6509054328125 0.2746781109375 0.6478873234375 0.2746781109375 0.6428571421875 0.2982832625 0.6307847078125 0.300429184375 0.6167002015625 0.2896995703125 0.615694165625 0.270386265625 0.59255533125 0.2660944203125 0.5724346078125 0.2253218890625 0.5684104624999999 0.223175965625 0.5603621734375 0.216738196875 0.5603621734375
29 0.7682403437499999 0.6116700203125001 0.7489270390625 0.6167002015625 0.7489270390625 0.629778671875 0.7746781109375 0.6307847078125 0.7961373390625 0.6378269624999999 0.8047210296875 0.6519114687500001 0.8369098718749999 0.6509054328125 0.8497854078125 0.6579476859375 0.8690987124999999 0.6509054328125 0.8776824031249999 0.6559356140625 0.8884120171875001 0.649899396875 0.9034334765625 0.6509054328125 0.9098712453125 0.6408450703125 0.9313304718750001 0.636820925 0.9356223171875 0.6167002015625 0.9227467812500001 0.6136820921874999 0.9034334765625 0.5724346078125 0.8261802578124999 0.5684104624999999 0.7939914156250001 0.5724346078125 0.7682403437499999 0.6116700203125001
26 0.7532188843750001 0.658953721875 0.7660944203125 0.65694165 0.7939914156250001 0.6609657953125 0.7961373390625 0.6428571421875 0.7575107296875 0.6177062375 0.740343346875 0.634808853125 0.7532188843750001 0.658953721875