23 0.49921875 0.6625 0.165625 0.09765625
13 0.79375 0.209375 0.128125 0.07890625
12 0.76171875 0.30546875 0.0796875 0.05078125
29 0.203125 0.5921875 0.16171875 0.08515625
29 0.79609375 0.5921875 0.15625 0.08515625
11 0.503125 0.12578125 0.16171875 0.1140625
1 0.79375 0.390625 0.0359375 0.021875
0 0.8300000000000001 0.46579194062499996 0.8800000000000001 0.463917525 0.9179999999999999 0.4339268984375 0.914 0.41424554843749994 0.882 0.40018744218749996 0.842 0.3983130265625 0.8320000000000001 0.41518275468750004 0.796 0.41424554843749994 0.786 0.41799437656249994 0.788 0.4404873484375 0.8099999999999999 0.44517338281249996 0.828 0.45641986875 0.8300000000000001 0.46579194062499996
9 0.744 0.47328959687500005 0.74 0.48266166874999994 0.764 0.4845360828125 0.786 0.47985004687500005 0.792 0.47610121875000005 0.784 0.41799437656249994 0.742 0.419868790625 0.72 0.4170571703125 0.702 0.4245548265625 0.6940000000000001 0.4339268984375 0.696 0.45548266093749995 0.712 0.4648547328125 0.724 0.4611059046875 0.744 0.47328959687500005
19 0.95 0.5754451734375 0.954 0.5688847234375001 0.982 0.560449859375 0.978 0.5557638234375 0.99 0.5445173390625 0.9880000000000001 0.526710403125 0.9400000000000001 0.526710403125 0.9279999999999999 0.5351452671875 0.93 0.5426429234375 0.9199999999999999 0.546391753125 0.9019999999999999 0.5398313031249999 0.8880000000000001 0.5417057171875 0.9039999999999999 0.5510777874999999 0.9359999999999999 0.5595126515625 0.9339999999999999 0.574507965625 0.95 0.5754451734375
28 0.738 0.4882849109375 0.772 0.499531396875 0.79 0.5117150890625 0.82 0.5145267109375 0.8240000000000001 0.51077788125 0.8539999999999999 0.5089034671875 0.874 0.4948453609375 0.8939999999999999 0.4910965328125 0.9039999999999999 0.4845360828125 0.8720000000000001 0.466729146875 0.8480000000000001 0.46954076875000006 0.834 0.47610121875000005 0.8300000000000001 0.47235239062499995 0.8160000000000001 0.47235239062499995 0.796 0.4910965328125 0.766 0.4920337390625 0.738 0.48359887500000004 0.738 0.4882849109375